-0.16667,0,349.09,66.897,44.373
0,-1.7338,349.09,66.897,44.373
0.16667,-39.044,349.09,65.582,44.373
0.33333,-113.45,349.09,62.583,44.373
0.5,-187.23,349.09,59.097,44.373
0.66667,-223.74,349.09,57.174,44.373
0.83333,-295.78,349.09,52.971,44.373
1,-366.14,349.09,48.304,44.373
1.1667,-400.57,349.09,45.8,44.373
1.3333,-467.68,349.09,40.464,44.373
1.5,-532.14,349.09,34.702,44.373
1.6667,-563.26,349.09,31.668,44.373
1.8333,-623.07,349.09,25.308,44.373
2,-679.34,349.09,18.577,44.373
2.1667,-706.05,349.09,15.081,44.373
2.3333,-756.43,349.09,7.8452,44.373
2.5,-756.43,349.09,0.30704,44.373
2.6667,246.02,349.09,0.30704,44.373
2.8333,859.88,349.09,1.732,44.373
3,894.17,349.09,5.3719,44.373
3.1667,909.41,349.09,7.2679,44.373
3.3333,936,349.09,11.19,44.373
3.5,957.27,349.09,15.257,44.373
3.6667,965.86,349.09,17.333,44.373
3.8333,978.91,349.09,21.547,44.373
4,986.39,349.09,25.814,44.373
4.1667,987.09,349.09,27.955,44.373
4.3333,987.09,349.09,32.23,44.373
4.5,980.52,349.09,36.464,44.373
4.6667,975.14,349.09,38.553,44.373
4.8333,960.23,349.09,42.655,44.373
5,939.85,349.09,46.623,44.373
5.1667,927.65,349.09,48.546,44.373
5.3333,899.3,349.09,52.248,44.373
5.5,865.83,349.09,55.729,44.373
5.6667,847.24,349.09,57.377,44.373
5.8333,806.45,349.09,60.466,44.373
6,761.08,349.09,63.256,44.373
6.1667,736.75,349.09,64.529,44.373
6.3333,684.98,349.09,66.816,44.373
6.5,629.31,349.09,68.734,44.373
6.6667,600.11,349.09,69.548,44.373
6.8333,539.19,349.09,70.87,44.373
7,475.19,349.09,71.769,44.373
7.1667,442.16,349.09,72.054,44.373
7.3333,374.24,349.09,72.054,44.373
7.5,304.18,349.09,72.052,44.373
7.6667,268.48,349.09,71.759,44.373
7.8333,195.97,349.09,70.81,44.373
8,122.34,349.09,69.375,44.373
8.1667,85.236,349.09,68.473,44.373
8.3333,10.708,349.09,66.299,44.373
8.5,-63.89,349.09,63.632,44.373
8.6667,-101.08,349.09,62.115,44.373
8.8333,-174.99,349.09,58.714,44.373
9,-247.91,349.09,54.831,44.373
9.1667,-283.87,349.09,52.712,44.373
9.3333,-354.54,349.09,48.125,44.373
9.5,-423.21,349.09,43.085,44.373
9.6667,-456.66,349.09,40.401,44.373
9.8333,-521.59,349.09,34.712,44.373
10,-583.56,349.09,28.616,44.373
10.167,-613.33,349.09,25.422,44.373
10.333,-670.22,349.09,18.755,44.373
10.5,-723.3,349.09,11.74,44.373
10.667,-748.33,349.09,8.1104,44.373
10.833,-748.33,349.09,0.62447,44.373
11,337.94,349.09,0.62447,44.373
11.167,853.68,349.09,1.7125,44.373
11.333,888.8,349.09,5.3176,44.373
11.5,918.86,349.09,9.1255,44.373
11.667,931.94,349.09,11.095,44.373
11.833,954.1,349.09,15.141,44.373
12,970.83,349.09,19.301,44.373
12.167,977.12,349.09,21.413,44.373
12.333,985.54,349.09,25.675,44.373
12.5,987.63,349.09,29.958,44.373
12.667,987.63,349.09,32.095,44.373
12.833,982,349.09,36.34,44.373
13,970.78,349.09,40.511,44.373
13.167,963.1,349.09,42.559,44.373
13.333,943.62,349.09,46.553,44.373
13.5,918.78,349.09,50.384,44.373
13.667,904.38,349.09,52.228,44.373
13.833,871.76,349.09,55.75,44.373
14,834.17,349.09,59.023,44.373
14.167,813.58,349.09,60.557,44.373
14.333,768.95,349.09,63.4,44.373
14.5,719.95,349.09,65.919,44.373
14.667,693.89,349.09,67.049,44.373
14.833,638.85,349.09,69.031,44.373
15,580.17,349.09,70.626,44.373
15.167,549.56,349.09,71.271,44.373
15.333,486.06,349.09,72.243,44.373
15.5,419.78,349.09,72.777,44.373
15.667,385.71,349.09,72.777,44.373
15.833,315.99,349.09,72.721,44.373
16,244.46,349.09,72.094,44.373
16.167,208.14,349.09,71.601,44.373
16.333,134.67,349.09,70.248,44.373
16.5,60.426,349.09,68.404,44.373
16.667,23.144,349.09,67.298,44.373
16.833,-51.471,349.09,64.714,44.373
17,-125.8,349.09,61.639,44.373
17.167,-162.73,349.09,59.919,44.373
17.333,-235.85,349.09,56.117,44.373
17.5,-307.63,349.09,51.842,44.373
17.667,-342.9,349.09,49.53,44.373
17.833,-411.92,349.09,44.566,44.373
18,-478.61,349.09,39.162,44.373
18.167,-510.97,349.09,36.301,44.373
18.333,-573.46,349.09,30.272,44.373
18.5,-632.7,349.09,23.853,44.373
18.667,-660.99,349.09,20.505,44.373
18.833,-714.73,349.09,13.548,44.373
19,-764.42,349.09,6.2645,44.373
19.167,-764.42,349.09,2.5095,44.373
19.333,335.92,349.09,1.7545,44.373
19.5,865.94,349.09,1.7545,44.373
19.667,883.3,349.09,3.5687,44.373
19.833,914.21,349.09,7.3494,44.373
20,939.92,349.09,11.304,44.373
20.167,950.78,349.09,13.335,44.373
20.333,968.42,349.09,17.483,44.373
20.5,980.55,349.09,21.714,44.373
20.667,984.52,349.09,23.85,44.373
20.833,986.38,349.09,28.136,44.373
21,986.38,349.09,32.412,44.373
21.167,983.33,349.09,34.534,44.373
21.333,973.04,349.09,38.725,44.373
21.5,957.21,349.09,42.812,44.373
21.667,947.25,349.09,44.806,44.373
21.833,923.29,349.09,48.671,44.373
22,894.07,349.09,52.344,44.373
22.167,877.55,349.09,54.097,44.373
22.333,840.77,349.09,57.419,44.373
22.5,799.21,349.09,60.466,44.373
22.667,776.7,349.09,61.877,44.373
22.833,728.41,349.09,64.456,44.373
23,675.97,349.09,66.688,44.373
23.167,648.28,349.09,67.666,44.373
23.333,590.19,349.09,69.331,44.373
23.5,528.73,349.09,70.59,44.373
23.667,496.84,349.09,71.06,44.373
23.833,431,349.09,71.672,44.373
24,362.7,349.09,71.738,44.373
24.167,327.75,349.09,71.738,44.373
24.333,256.49,349.09,71.196,44.373
24.5,183.77,349.09,70.172,44.373
24.667,146.98,349.09,69.477,44.373
24.833,72.838,349.09,67.72,44.373
25,-1.7309,349.09,65.469,44.373
25.167,-39.042,349.09,64.159,44.373
25.333,-113.45,349.09,61.17,44.373
25.5,-187.22,349.09,57.693,44.373
25.667,-223.74,349.09,55.774,44.373
25.833,-295.77,349.09,51.581,44.373
26,-366.14,349.09,46.923,44.373
26.167,-400.57,349.09,44.424,44.373
26.333,-467.68,349.09,39.096,44.373
26.5,-532.14,349.09,33.344,44.373
26.667,-563.26,349.09,30.314,44.373
26.833,-623.06,349.09,23.963,44.373
27,-679.34,349.09,17.242,44.373
27.167,-706.05,349.09,13.751,44.373
27.333,-706.05,349.09,6.5239,44.373
27.5,-499.24,349.09,0.0050024,44.373
27.667,335.32,349.09,0.0050024,44.373
27.833,859.88,349.09,1.7355,44.373
28,894.17,349.09,5.3823,44.373
28.167,909.41,349.09,7.2818,44.373
28.333,936,349.09,11.211,44.373
28.5,957.27,349.09,15.285,44.373
28.667,965.86,349.09,17.364,44.373
28.833,978.91,349.09,21.585,44.373
29,986.39,349.09,25.859,44.373
29.167,987.08,349.09,28.004,44.373
29.333,987.08,349.09,32.285,44.373
29.5,980.52,349.09,36.526,44.373
29.667,975.14,349.09,38.619,44.373
29.833,960.23,349.09,42.727,44.373
30,939.85,349.09,46.702,44.373
30.167,927.65,349.09,48.629,44.373
30.333,899.3,349.09,52.337,44.373
30.5,865.83,349.09,55.825,44.373
30.667,847.24,349.09,57.476,44.373
30.833,806.45,349.09,60.572,44.373
31,761.08,349.09,63.369,44.373
31.167,736.75,349.09,64.645,44.373
31.333,684.98,349.09,66.939,44.373
31.5,629.31,349.09,68.864,44.373
31.667,600.11,349.09,69.681,44.373
31.833,539.19,349.09,71.01,44.373
32,475.19,349.09,71.916,44.373
32.167,442.15,349.09,72.204,44.373
32.333,374.24,349.09,72.216,44.373
32.5,304.18,349.09,72.216,44.373
32.667,268.48,349.09,71.925,44.373
32.833,195.97,349.09,70.983,44.373
33,122.34,349.09,69.554,44.373
33.167,85.235,349.09,68.656,44.373
33.333,10.707,349.09,66.489,44.373
33.5,-63.89,349.09,63.829,44.373
33.667,-101.08,349.09,62.314,44.373
33.833,-174.99,349.09,58.92,44.373
34,-247.91,349.09,55.044,44.373
34.167,-283.87,349.09,52.928,44.373
34.333,-354.54,349.09,48.347,44.373
34.5,-423.21,349.09,43.314,44.373
34.667,-456.67,349.09,40.633,44.373
34.833,-521.59,349.09,34.951,44.373
35,-583.57,349.09,28.861,44.373
35.167,-613.33,349.09,25.67,44.373
35.333,-670.22,349.09,19.01,44.373
35.5,-723.3,349.09,12.002,44.373
35.667,-748.33,349.09,8.375,44.373
35.833,-748.33,349.09,0.89545,44.373
36,336.67,349.09,0.89545,44.373
36.167,853.68,349.09,1.7159,44.373
36.333,888.8,349.09,5.3279,44.373
36.5,918.86,349.09,9.1427,44.373
36.667,931.94,349.09,11.115,44.373
36.833,954.1,349.09,15.169,44.373
37,970.83,349.09,19.336,44.373
37.167,977.12,349.09,21.451,44.373
37.333,985.54,349.09,25.719,44.373
37.5,987.63,349.09,30.009,44.373
37.667,987.63,349.09,32.15,44.373
37.833,982,349.09,36.401,44.373
38,970.78,349.09,40.58,44.373
38.167,963.1,349.09,42.63,44.373
38.333,943.62,349.09,46.631,44.373
38.5,918.78,349.09,50.469,44.373
38.667,904.38,349.09,52.316,44.373
38.833,871.76,349.09,55.845,44.373
39,834.17,349.09,59.125,44.373
39.167,813.58,349.09,60.662,44.373
39.333,768.95,349.09,63.512,44.373
39.5,719.95,349.09,66.038,44.373
39.667,693.89,349.09,67.17,44.373
39.833,638.85,349.09,69.16,44.373
40,580.17,349.09,70.761,44.373
40.167,549.56,349.09,71.409,44.373
40.333,486.06,349.09,72.388,44.373
40.5,419.78,349.09,72.928,44.373
40.667,385.71,349.09,72.928,44.373
40.833,315.99,349.09,72.882,44.373
41,244.46,349.09,72.262,44.373
41.167,208.14,349.09,71.772,44.373
41.333,134.67,349.09,70.426,44.373
41.5,60.425,349.09,68.589,44.373
41.667,23.144,349.09,67.485,44.373
41.833,-51.472,349.09,64.908,44.373
42,-125.8,349.09,61.84,44.373
42.167,-162.73,349.09,60.123,44.373
42.333,-235.85,349.09,56.328,44.373
42.5,-307.63,349.09,52.059,44.373
42.667,-342.9,349.09,49.75,44.373
42.833,-411.92,349.09,44.792,44.373
43,-478.61,349.09,39.395,44.373
43.167,-510.97,349.09,36.537,44.373
43.333,-573.46,349.09,30.515,44.373
43.5,-632.7,349.09,24.102,44.373
43.667,-660.99,349.09,20.758,44.373
43.833,-714.73,349.09,13.807,44.373
44,-764.42,349.09,6.5294,44.373
44.167,-764.42,349.09,2.7776,44.373
44.333,334.66,349.09,2.7776,44.373
44.5,865.94,349.09,3.4558,44.373
44.667,883.29,349.09,5.272,44.373
44.833,914.21,349.09,9.0566,44.373
45,939.92,349.09,13.015,44.373
45.167,950.78,349.09,15.048,44.373
45.333,968.42,349.09,19.2,44.373
45.5,980.55,349.09,23.435,44.373
45.667,984.52,349.09,25.572,44.373
45.833,986.38,349.09,29.862,44.373
46,986.38,349.09,34.142,44.373
46.167,983.33,349.09,36.267,44.373
46.333,973.04,349.09,40.461,44.373
46.5,957.21,349.09,44.552,44.373
46.667,947.24,349.09,46.548,44.373
46.833,923.28,349.09,50.417,44.373
47,894.07,349.09,54.093,44.373
47.167,877.54,349.09,55.849,44.373
47.333,840.77,349.09,59.174,44.373
47.5,799.2,349.09,62.225,44.373
47.667,776.7,349.09,63.637,44.373
47.833,728.41,349.09,66.22,44.373
48,675.96,349.09,68.456,44.373
48.167,648.28,349.09,69.436,44.373
48.333,590.18,349.09,71.105,44.373
48.5,528.72,349.09,72.367,44.373
48.667,496.84,349.09,72.839,44.373
48.833,431,349.09,73.455,44.373
49,362.7,349.09,73.526,44.373
49.167,327.74,349.09,73.526,44.373
49.333,256.49,349.09,72.987,44.373
49.5,183.76,349.09,71.967,44.373
49.667,146.98,349.09,71.274,44.373
49.833,72.834,349.09,69.52,44.373
50,-1.7345,349.09,67.273,44.373
50.167,-39.045,349.09,65.965,44.373
50.333,-113.45,349.09,62.979,44.373
50.5,-187.23,349.09,59.506,44.373
50.667,-223.74,349.09,57.589,44.373
50.833,-295.78,349.09,53.399,44.373
51,-366.14,349.09,48.745,44.373
51.167,-400.57,349.09,46.247,44.373
51.333,-467.68,349.09,40.923,44.373
51.5,-532.14,349.09,35.174,44.373
51.667,-563.26,349.09,32.147,44.373
51.833,-623.07,349.09,25.799,44.373
52,-679.34,349.09,19.081,44.373
52.167,-706.05,349.09,15.592,44.373
52.333,-756.43,349.09,8.3681,44.373
52.5,-756.43,349.09,0.84246,44.373
52.667,83.862,349.09,0.84246,44.373
52.833,859.88,349.09,1.7387,44.373
53,894.17,349.09,5.392,44.373
53.167,909.41,349.09,7.2947,44.373
53.333,936,349.09,11.231,44.373
53.5,957.27,349.09,15.31,44.373
53.667,965.86,349.09,17.393,44.373
53.833,978.91,349.09,21.621,44.373
54,986.39,349.09,25.901,44.373
54.167,987.08,349.09,28.049,44.373
54.333,987.08,349.09,32.337,44.373
54.5,980.52,349.09,36.583,44.373
54.667,975.14,349.09,38.68,44.373
54.833,960.23,349.09,42.795,44.373
55,939.85,349.09,46.776,44.373
55.167,927.65,349.09,48.706,44.373
55.333,899.3,349.09,52.42,44.373
55.5,865.83,349.09,55.915,44.373
55.667,847.24,349.09,57.569,44.373
55.833,806.45,349.09,60.671,44.373
56,761.08,349.09,63.474,44.373
56.167,736.75,349.09,64.754,44.373
56.333,684.98,349.09,67.053,44.373
56.5,629.31,349.09,68.985,44.373
56.667,600.11,349.09,69.805,44.373
56.833,539.19,349.09,71.14,44.373
57,475.19,349.09,72.052,44.373
57.167,442.15,349.09,72.343,44.373
57.333,374.24,349.09,72.368,44.373
57.5,304.18,349.09,72.368,44.373
57.667,268.48,349.09,72.08,44.373
57.833,195.97,349.09,71.145,44.373
58,122.34,349.09,69.722,44.373
58.167,85.235,349.09,68.826,44.373
58.333,10.707,349.09,66.666,44.373
58.5,-63.891,349.09,64.011,44.373
58.667,-101.08,349.09,62.5,44.373
58.833,-174.99,349.09,59.112,44.373
59,-247.91,349.09,55.242,44.373
59.167,-283.88,349.09,53.129,44.373
59.333,-354.54,349.09,48.555,44.373
59.5,-423.21,349.09,43.528,44.373
59.667,-456.67,349.09,40.849,44.373
59.833,-521.59,349.09,35.173,44.373
60,-583.57,349.09,29.09,44.373
60.167,-613.33,349.09,25.901,44.373
60.333,-670.22,349.09,19.248,44.373
60.5,-723.3,349.09,12.245,44.373
60.667,-748.33,349.09,8.6215,44.373
60.833,-748.33,349.09,1.148,44.373
61,335.48,349.09,1.148,44.373
61.167,853.68,349.09,1.7192,44.373
61.333,888.8,349.09,5.3375,44.373
61.5,918.86,349.09,9.1587,44.373
61.667,931.94,349.09,11.134,44.373
61.833,954.1,349.09,15.194,44.373
62,970.83,349.09,19.368,44.373
62.167,977.12,349.09,21.486,44.373
62.333,985.54,349.09,25.761,44.373
62.5,987.63,349.09,30.057,44.373
62.667,987.63,349.09,32.201,44.373
62.833,982,349.09,36.458,44.373
63,970.78,349.09,40.643,44.373
63.167,963.1,349.09,42.697,44.373
63.333,943.62,349.09,46.704,44.373
63.5,918.78,349.09,50.549,44.373
63.667,904.38,349.09,52.399,44.373
63.833,871.76,349.09,55.933,44.373
64,834.17,349.09,59.22,44.373
64.167,813.58,349.09,60.76,44.373
64.333,768.95,349.09,63.616,44.373
64.5,719.95,349.09,66.148,44.373
64.667,693.89,349.09,67.284,44.373
64.833,638.85,349.09,69.28,44.373
65,580.17,349.09,70.887,44.373
65.167,549.56,349.09,71.538,44.373
65.333,486.06,349.09,72.523,44.373
65.5,419.78,349.09,73.069,44.373
65.667,385.71,349.09,73.069,44.373
65.833,315.99,349.09,73.033,44.373
66,244.46,349.09,72.419,44.373
66.167,208.14,349.09,71.932,44.373
66.333,134.67,349.09,70.592,44.373
66.5,60.425,349.09,68.761,44.373
