-0.16667,0,295.94,63.31,38.213
0,-1.7266,295.94,63.31,38.213
0.16667,-39.038,295.94,62.179,38.213
0.33333,-113.45,295.94,59.547,38.213
0.5,-187.22,295.94,56.427,38.213
0.66667,-223.74,295.94,54.686,38.213
0.83333,-295.77,295.94,50.848,38.213
1,-366.14,295.94,46.545,38.213
1.1667,-400.57,295.94,44.223,38.213
1.3333,-467.68,295.94,39.25,38.213
1.5,-532.14,295.94,33.85,38.213
1.6667,-563.26,295.94,30.997,38.213
1.8333,-623.06,295.94,24.999,38.213
2,-679.34,295.94,18.629,38.213
2.1667,-706.05,295.94,15.313,38.213
2.3333,-756.43,295.94,8.4369,38.213
2.5,-756.43,295.94,1.2579,38.213
2.6667,-92.297,295.94,0.00092482,38.213
2.8333,284.74,295.94,-0.0028531,38.213
3,284.74,295.94,-0.0028531,38.213
3.1667,284.73,295.94,-0.002853,38.213
3.3333,284.73,295.94,-0.0028527,38.213
3.5,957.29,295.94,2.2373,38.213
3.6667,965.89,295.94,4.5043,38.213
3.8333,978.94,295.94,9.1002,38.213
4,986.42,295.94,13.748,38.213
4.1667,987.11,295.94,16.079,38.213
4.3333,987.11,295.94,20.734,38.213
4.5,980.54,295.94,25.346,38.213
4.6667,975.16,295.94,27.625,38.213
4.8333,960.25,295.94,32.105,38.213
5,939.87,295.94,36.451,38.213
5.1667,927.67,295.94,38.562,38.213
5.3333,899.32,295.94,42.641,38.213
5.5,865.85,295.94,46.498,38.213
5.6667,847.25,295.94,48.333,38.213
5.8333,806.47,295.94,51.797,38.213
6,761.1,295.94,54.961,38.213
6.1667,736.77,295.94,56.421,38.213
6.3333,685,295.94,59.081,38.213
6.5,629.33,295.94,61.372,38.213
6.6667,600.13,295.94,62.372,38.213
6.8333,539.2,295.94,64.066,38.213
7,475.21,295.94,65.336,38.213
7.1667,442.17,295.94,65.806,38.213
7.3333,374.25,295.94,66.407,38.213
7.5,304.19,295.94,66.434,38.213
7.6667,268.49,295.94,66.434,38.213
7.8333,195.98,295.94,65.854,38.213
8,122.35,295.94,64.786,38.213
8.1667,85.245,295.94,64.068,38.213
8.3333,10.716,295.94,62.261,38.213
8.5,-63.883,295.94,59.96,38.213
8.6667,-101.08,295.94,58.625,38.213
8.8333,-174.98,295.94,55.589,38.213
9,-247.91,295.94,52.071,38.213
9.1667,-283.87,295.94,50.134,38.213
9.3333,-354.54,295.94,45.91,38.213
9.5,-423.2,295.94,41.233,38.213
9.6667,-456.66,295.94,38.73,38.213
9.8333,-521.59,295.94,33.403,38.213
10,-583.56,295.94,27.668,38.213
10.167,-613.33,295.94,24.654,38.213
10.333,-670.22,295.94,18.347,38.213
10.5,-723.3,295.94,11.692,38.213
10.667,-748.33,295.94,8.2415,38.213
10.833,-748.33,295.94,1.1139,38.213
11,283.66,295.94,-0.0028422,38.213
11.167,284.62,295.94,-0.0028519,38.213
11.333,284.62,295.94,-0.0028519,38.213
11.5,284.6,295.94,-0.0028516,38.213
11.667,284.6,295.94,-0.0028515,38.213
11.833,954.12,295.94,2.2272,38.213
12,970.85,295.94,6.7676,38.213
12.167,977.15,295.94,9.0688,38.213
12.333,985.56,295.94,13.71,38.213
12.5,987.66,295.94,18.371,38.213
12.667,987.66,295.94,20.698,38.213
12.833,982.02,295.94,25.32,38.213
13,970.8,295.94,29.868,38.213
13.167,963.12,295.94,32.104,38.213
13.333,943.64,295.94,36.474,38.213
13.5,918.8,295.94,40.68,38.213
13.667,904.4,295.94,42.711,38.213
13.833,871.78,295.94,46.607,38.213
14,834.18,295.94,50.254,38.213
14.167,813.59,295.94,51.975,38.213
14.333,768.97,295.94,55.19,38.213
14.5,719.96,295.94,58.081,38.213
14.667,693.9,295.94,59.397,38.213
14.833,638.86,295.94,61.75,38.213
15,580.18,295.94,63.715,38.213
15.167,549.58,295.94,64.545,38.213
15.333,486.07,295.94,65.886,38.213
15.5,419.79,295.94,66.789,38.213
15.667,385.73,295.94,67.07,38.213
15.833,316,295.94,67.07,38.213
16,244.47,295.94,67.025,38.213
16.167,208.15,295.94,66.715,38.213
16.333,134.68,295.94,65.728,38.213
16.5,60.434,295.94,64.25,38.213
16.667,23.152,295.94,63.326,38.213
16.833,-51.464,295.94,61.107,38.213
17,-125.8,295.94,58.395,38.213
17.167,-162.72,295.94,56.857,38.213
17.333,-235.84,295.94,53.418,38.213
17.5,-307.63,295.94,49.504,38.213
17.667,-342.89,295.94,47.373,38.213
17.833,-411.92,295.94,42.77,38.213
18,-478.61,295.94,37.727,38.213
18.167,-510.97,295.94,35.045,38.213
18.333,-573.46,295.94,29.376,38.213
18.5,-632.7,295.94,23.316,38.213
18.667,-660.99,295.94,20.148,38.213
18.833,-714.73,295.94,13.548,38.213
19,-764.42,295.94,6.6215,38.213
19.167,-764.42,295.94,3.0449,38.213
19.333,281.82,295.94,-0.0028239,38.213
19.5,284.52,295.94,-0.0028509,38.213
19.667,284.52,295.94,-0.0028509,38.213
19.833,284.49,295.94,-0.0028506,38.213
20,284.47,295.94,-0.0028504,38.213
20.167,284.47,295.94,-0.0028502,38.213
20.333,968.45,295.94,4.5244,38.213
20.5,980.58,295.94,9.1343,38.213
20.667,984.55,295.94,11.459,38.213
20.833,986.4,295.94,16.122,38.213
21,986.4,295.94,20.775,38.213
21.167,983.36,295.94,23.086,38.213
21.333,973.06,295.94,27.653,38.213
21.5,957.23,295.94,32.116,38.213
21.667,947.27,295.94,34.297,38.213
21.833,923.31,295.94,38.536,38.213
22,894.09,295.94,42.583,38.213
22.167,877.57,295.94,44.523,38.213
22.333,840.79,295.94,48.217,38.213
22.5,799.22,295.94,51.636,38.213
22.667,776.72,295.94,53.233,38.213
22.833,728.43,295.94,56.183,38.213
23,675.98,295.94,58.786,38.213
23.167,648.3,295.94,59.949,38.213
23.333,590.2,295.94,61.984,38.213
23.5,528.74,295.94,63.611,38.213
23.667,496.86,295.94,64.266,38.213
23.833,431.01,295.94,65.246,38.213
24,362.71,295.94,65.773,38.213
24.167,327.76,295.94,65.773,38.213
24.333,256.5,295.94,65.686,38.213
24.5,183.78,295.94,65.028,38.213
24.667,146.99,295.94,64.516,38.213
24.833,72.847,295.94,63.123,38.213
25,-1.7225,295.94,61.236,38.213
25.167,-39.033,295.94,60.108,38.213
25.333,-113.44,295.94,57.481,38.213
25.5,-187.22,295.94,54.367,38.213
25.667,-223.73,295.94,52.629,38.213
25.833,-295.77,295.94,48.797,38.213
26,-366.13,295.94,44.5,38.213
26.167,-400.56,295.94,42.181,38.213
26.333,-467.67,295.94,37.213,38.213
26.5,-532.13,295.94,31.82,38.213
26.667,-563.25,295.94,28.97,38.213
26.833,-623.06,295.94,22.977,38.213
27,-679.33,295.94,16.613,38.213
27.167,-706.05,295.94,13.3,38.213
27.333,-706.05,295.94,6.4296,38.213
27.5,-577.52,295.94,0.0057868,38.213
27.667,281.84,295.94,-0.002824,38.213
27.833,284.37,295.94,-0.0028494,38.213
28,284.37,295.94,-0.0028494,38.213
28.167,284.36,295.94,-0.0028493,38.213
28.333,284.36,295.94,-0.002849,38.213
28.5,957.29,295.94,2.2386,38.213
28.667,965.89,295.94,4.5068,38.213
28.833,978.94,295.94,9.1051,38.213
29,986.42,295.94,13.755,38.213
29.167,987.11,295.94,16.088,38.213
29.333,987.11,295.94,20.745,38.213
29.5,980.54,295.94,25.36,38.213
29.667,975.16,295.94,27.64,38.213
29.833,960.25,295.94,32.122,38.213
30,939.87,295.94,36.47,38.213
30.167,927.67,295.94,38.583,38.213
30.333,899.32,295.94,42.664,38.213
30.5,865.85,295.94,46.523,38.213
30.667,847.25,295.94,48.36,38.213
30.833,806.47,295.94,51.826,38.213
31,761.1,295.94,54.993,38.213
31.167,736.77,295.94,56.454,38.213
31.333,685,295.94,59.116,38.213
31.5,629.33,295.94,61.41,38.213
31.667,600.13,295.94,62.411,38.213
31.833,539.2,295.94,64.107,38.213
32,475.21,295.94,65.379,38.213
32.167,442.17,295.94,65.851,38.213
32.333,374.25,295.94,66.454,38.213
32.5,304.19,295.94,66.485,38.213
32.667,268.49,295.94,66.485,38.213
32.833,195.98,295.94,65.907,38.213
33,122.35,295.94,64.842,38.213
33.167,85.244,295.94,64.124,38.213
33.333,10.716,295.94,62.32,38.213
33.5,-63.883,295.94,60.021,38.213
33.667,-101.08,295.94,58.688,38.213
33.833,-174.98,295.94,55.654,38.213
34,-247.91,295.94,52.138,38.213
34.167,-283.87,295.94,50.202,38.213
34.333,-354.54,295.94,45.981,38.213
34.5,-423.2,295.94,41.306,38.213
34.667,-456.66,295.94,38.804,38.213
34.833,-521.59,295.94,33.479,38.213
35,-583.56,295.94,27.746,38.213
35.167,-613.33,295.94,24.733,38.213
35.333,-670.22,295.94,18.429,38.213
35.5,-723.3,295.94,11.776,38.213
35.667,-748.33,295.94,8.3268,38.213
35.833,-748.33,295.94,1.2015,38.213
36,283.21,295.94,-0.0028378,38.213
36.167,284.26,295.94,-0.0028482,38.213
36.333,284.26,295.94,-0.0028482,38.213
36.5,284.23,295.94,-0.002848,38.213
36.667,284.23,295.94,-0.0028479,38.213
36.833,954.12,295.94,2.2284,38.213
37,970.85,295.94,6.7712,38.213
37.167,977.15,295.94,9.0736,38.213
37.333,985.56,295.94,13.717,38.213
37.5,987.66,295.94,18.381,38.213
37.667,987.66,295.94,20.709,38.213
37.833,982.02,295.94,25.333,38.213
38,970.8,295.94,29.884,38.213
38.167,963.12,295.94,32.121,38.213
38.333,943.64,295.94,36.493,38.213
38.5,918.8,295.94,40.702,38.213
38.667,904.4,295.94,42.734,38.213
38.833,871.78,295.94,46.632,38.213
39,834.18,295.94,50.282,38.213
39.167,813.59,295.94,52.004,38.213
39.333,768.97,295.94,55.222,38.213
39.5,719.96,295.94,58.115,38.213
39.667,693.9,295.94,59.431,38.213
39.833,638.86,295.94,61.787,38.213
40,580.18,295.94,63.755,38.213
40.167,549.58,295.94,64.586,38.213
40.333,486.07,295.94,65.929,38.213
40.5,419.79,295.94,66.834,38.213
40.667,385.73,295.94,67.117,38.213
40.833,316,295.94,67.117,38.213
41,244.47,295.94,67.076,38.213
41.167,208.15,295.94,66.767,38.213
41.333,134.68,295.94,65.783,38.213
41.5,60.434,295.94,64.307,38.213
41.667,23.152,295.94,63.384,38.213
41.833,-51.464,295.94,61.167,38.213
42,-125.8,295.94,58.458,38.213
42.167,-162.72,295.94,56.921,38.213
42.333,-235.84,295.94,53.484,38.213
42.5,-307.63,295.94,49.573,38.213
42.667,-342.89,295.94,47.443,38.213
42.833,-411.92,295.94,42.842,38.213
43,-478.61,295.94,37.801,38.213
43.167,-510.97,295.94,35.121,38.213
43.333,-573.46,295.94,29.454,38.213
43.5,-632.7,295.94,23.396,38.213
43.667,-660.99,295.94,20.229,38.213
43.833,-714.73,295.94,13.631,38.213
44,-764.42,295.94,6.7072,38.213
44.167,-764.42,295.94,3.1317,38.213
44.333,281.38,295.94,-0.0028195,38.213
44.5,284.16,295.94,-0.0028472,38.213
44.667,284.16,295.94,-0.0028472,38.213
44.833,284.13,295.94,-0.002847,38.213
45,284.13,295.94,-0.0028467,38.213
45.167,950.8,295.94,2.2177,38.213
45.333,968.44,295.94,6.7436,38.213
45.5,980.57,295.94,11.352,38.213
45.667,984.54,295.94,13.676,38.213
45.833,986.4,295.94,18.338,38.213
46,986.4,295.94,22.99,38.213
46.167,983.35,295.94,25.3,38.213
46.333,973.06,295.94,29.865,38.213
46.5,957.23,295.94,34.327,38.213
46.667,947.26,295.94,36.507,38.213
46.833,923.3,295.94,40.745,38.213
47,894.09,295.94,44.79,38.213
47.167,877.56,295.94,46.73,38.213
47.333,840.78,295.94,50.423,38.213
47.5,799.22,295.94,53.84,38.213
47.667,776.71,295.94,55.436,38.213
47.833,728.42,295.94,58.385,38.213
48,675.98,295.94,60.987,38.213
48.167,648.3,295.94,62.149,38.213
48.333,590.2,295.94,64.182,38.213
48.5,528.74,295.94,65.808,38.213
48.667,496.85,295.94,66.462,38.213
48.833,431.01,295.94,67.44,38.213
49,362.71,295.94,67.966,38.213
49.167,327.76,295.94,67.966,38.213
49.333,256.5,295.94,67.877,38.213
49.5,183.77,295.94,67.217,38.213
49.667,146.99,295.94,66.705,38.213
49.833,72.843,295.94,65.31,38.213
50,-1.7268,295.94,63.422,38.213
50.167,-39.038,295.94,62.293,38.213
50.333,-113.45,295.94,59.665,38.213
50.5,-187.22,295.94,56.55,38.213
50.667,-223.74,295.94,54.811,38.213
50.833,-295.77,295.94,50.977,38.213
51,-366.14,295.94,46.678,38.213
51.167,-400.57,295.94,44.359,38.213
51.333,-467.68,295.94,39.389,38.213
51.5,-532.14,295.94,33.994,38.213
51.667,-563.26,295.94,31.144,38.213
51.833,-623.06,295.94,25.149,38.213
52,-679.34,295.94,18.784,38.213
52.167,-706.05,295.94,15.47,38.213
52.333,-756.44,295.94,8.5982,38.213
52.5,-756.44,295.94,1.4234,38.213
52.667,-142.47,295.94,0.0014276,38.213
52.833,284.06,295.94,-0.0028463,38.213
53,284.06,295.94,-0.0028463,38.213
53.167,284.05,295.94,-0.0028462,38.213
53.333,284.05,295.94,-0.0028459,38.213
53.5,957.29,295.94,2.2396,38.213
53.667,965.89,295.94,4.5088,38.213
53.833,978.94,295.94,9.1092,38.213
54,986.42,295.94,13.761,38.213
54.167,987.11,295.94,16.095,38.213
54.333,987.11,295.94,20.754,38.213
54.5,980.54,295.94,25.371,38.213
54.667,975.16,295.94,27.652,38.213
54.833,960.25,295.94,32.137,38.213
55,939.87,295.94,36.487,38.213
55.167,927.67,295.94,38.601,38.213
55.333,899.32,295.94,42.683,38.213
55.5,865.85,295.94,46.545,38.213
55.667,847.25,295.94,48.382,38.213
55.833,806.47,295.94,51.851,38.213
56,761.1,295.94,55.019,38.213
56.167,736.77,295.94,56.482,38.213
56.333,685,295.94,59.146,38.213
56.5,629.33,295.94,61.442,38.213
56.667,600.13,295.94,62.443,38.213
56.833,539.2,295.94,64.142,38.213
57,475.21,295.94,65.416,38.213
57.167,442.17,295.94,65.888,38.213
57.333,374.25,295.94,66.494,38.213
57.5,304.19,295.94,66.528,38.213
57.667,268.49,295.94,66.528,38.213
57.833,195.98,295.94,65.952,38.213
58,122.35,295.94,64.888,38.213
58.167,85.244,295.94,64.172,38.213
58.333,10.716,295.94,62.37,38.213
58.5,-63.883,295.94,60.073,38.213
58.667,-101.08,295.94,58.74,38.213
58.833,-174.98,295.94,55.709,38.213
59,-247.91,295.94,52.194,38.213
59.167,-283.87,295.94,50.259,38.213
59.333,-354.54,295.94,46.04,38.213
59.5,-423.2,295.94,41.368,38.213
59.667,-456.66,295.94,38.866,38.213
59.833,-521.59,295.94,33.544,38.213
60,-583.56,295.94,27.813,38.213
60.167,-613.33,295.94,24.801,38.213
60.333,-670.22,295.94,18.499,38.213
60.5,-723.3,295.94,11.847,38.213
60.667,-748.33,295.94,8.3991,38.213
60.833,-748.33,295.94,1.2758,38.213
61,282.84,295.94,-0.002834,38.213
61.167,283.95,295.94,-0.0028451,38.213
61.333,283.95,295.94,-0.0028451,38.213
61.5,283.92,295.94,-0.0028449,38.213
61.667,283.92,295.94,-0.0028448,38.213
61.833,954.12,295.94,2.2294,38.213
62,970.85,295.94,6.7743,38.213
62.167,977.15,295.94,9.0777,38.213
62.333,985.56,295.94,13.723,38.213
62.5,987.66,295.94,18.389,38.213
62.667,987.66,295.94,20.718,38.213
62.833,982.02,295.94,25.344,38.213
63,970.8,295.94,29.897,38.213
63.167,963.12,295.94,32.135,38.213
63.333,943.64,295.94,36.51,38.213
63.5,918.8,295.94,40.72,38.213
63.667,904.4,295.94,42.754,38.213
63.833,871.77,295.94,46.654,38.213
64,834.18,295.94,50.305,38.213
64.167,813.59,295.94,52.028,38.213
64.333,768.97,295.94,55.248,38.213
64.5,719.96,295.94,58.143,38.213
64.667,693.9,295.94,59.461,38.213
64.833,638.86,295.94,61.819,38.213
65,580.18,295.94,63.788,38.213
65.167,549.58,295.94,64.62,38.213
65.333,486.07,295.94,65.966,38.213
65.5,419.79,295.94,66.872,38.213
65.667,385.73,295.94,67.156,38.213
65.833,316,295.94,67.156,38.213
66,244.47,295.94,67.12,38.213
66.167,208.15,295.94,66.812,38.213
66.333,134.68,295.94,65.829,38.213
66.5,60.434,295.94,64.355,38.213
