-0.16667,0,57.803,1.8675,0.23352
0,-1.6037,57.803,1.8675,0.23352
0.16667,-38.916,57.803,1.5443,0.23352
0.33333,-38.916,57.803,0.52671,0.23352
0.5,57.203,57.803,-0.00057317,0.23352
0.66667,57.673,57.803,-0.00057788,0.23352
0.83333,57.673,57.803,-0.00057788,0.23352
1,57.671,57.803,-0.00057786,0.23352
1.1667,57.67,57.803,-0.00057785,0.23352
1.3333,57.668,57.803,-0.00057783,0.23352
1.5,57.666,57.803,-0.00057781,0.23352
1.6667,57.665,57.803,-0.0005778,0.23352
1.8333,57.663,57.803,-0.00057778,0.23352
2,57.661,57.803,-0.00057776,0.23352
2.1667,57.66,57.803,-0.00057775,0.23352
2.3333,57.658,57.803,-0.00057773,0.23352
2.5,57.656,57.803,-0.00057771,0.23352
2.6667,57.655,57.803,-0.0005777,0.23352
2.8333,57.653,57.803,-0.00057768,0.23352
3,57.651,57.803,-0.00057766,0.23352
3.1667,57.65,57.803,-0.00057765,0.23352
3.3333,57.648,57.803,-0.00057763,0.23352
3.5,57.646,57.803,-0.00057761,0.23352
3.6667,57.645,57.803,-0.0005776,0.23352
3.8333,57.643,57.803,-0.00057758,0.23352
4,57.641,57.803,-0.00057756,0.23352
4.1667,57.64,57.803,-0.00057755,0.23352
4.3333,57.638,57.803,-0.00057753,0.23352
4.5,57.636,57.803,-0.00057751,0.23352
4.6667,57.635,57.803,-0.0005775,0.23352
4.8333,57.633,57.803,-0.00057748,0.23352
5,57.631,57.803,-0.00057746,0.23352
5.1667,57.63,57.803,-0.00057745,0.23352
5.3333,57.628,57.803,-0.00057744,0.23352
5.5,57.626,57.803,-0.00057742,0.23352
5.6667,57.625,57.803,-0.00057741,0.23352
5.8333,57.623,57.803,-0.00057739,0.23352
6,57.621,57.803,-0.00057737,0.23352
6.1667,57.62,57.803,-0.00057736,0.23352
6.3333,57.618,57.803,-0.00057734,0.23352
6.5,57.616,57.803,-0.00057732,0.23352
6.6667,57.615,57.803,-0.00057731,0.23352
6.8333,57.614,57.803,-0.00057729,0.23352
7,57.612,57.803,-0.00057727,0.23352
7.1667,57.611,57.803,-0.00057726,0.23352
7.3333,57.609,57.803,-0.00057724,0.23352
7.5,57.609,57.803,-0.00057722,0.23352
7.6667,196.11,57.803,0.70222,0.23352
7.8333,196.11,57.803,1.7445,0.23352
8,122.48,57.803,2.2964,0.23352
8.1667,85.368,57.803,2.2964,0.23352
8.3333,10.836,57.803,2.1957,0.23352
8.5,-63.766,57.803,1.508,0.23352
8.6667,-63.766,57.803,0.97867,0.23352
8.8333,-40.184,57.803,0.00040264,0.23352
9,57.597,57.803,-0.00057712,0.23352
9.1667,57.597,57.803,-0.00057712,0.23352
9.3333,57.595,57.803,-0.0005771,0.23352
9.5,57.593,57.803,-0.00057708,0.23352
9.6667,57.592,57.803,-0.00057707,0.23352
9.8333,57.59,57.803,-0.00057705,0.23352
10,57.588,57.803,-0.00057703,0.23352
10.167,57.587,57.803,-0.00057702,0.23352
10.333,57.585,57.803,-0.000577,0.23352
10.5,57.583,57.803,-0.00057698,0.23352
10.667,57.582,57.803,-0.00057697,0.23352
10.833,57.58,57.803,-0.00057695,0.23352
11,57.578,57.803,-0.00057693,0.23352
11.167,57.577,57.803,-0.00057692,0.23352
11.333,57.575,57.803,-0.0005769,0.23352
11.5,57.573,57.803,-0.00057688,0.23352
11.667,57.572,57.803,-0.00057687,0.23352
11.833,57.57,57.803,-0.00057685,0.23352
12,57.568,57.803,-0.00057683,0.23352
12.167,57.567,57.803,-0.00057682,0.23352
12.333,57.565,57.803,-0.0005768,0.23352
12.5,57.563,57.803,-0.00057678,0.23352
12.667,57.562,57.803,-0.00057677,0.23352
12.833,57.56,57.803,-0.00057675,0.23352
13,57.558,57.803,-0.00057673,0.23352
13.167,57.557,57.803,-0.00057672,0.23352
13.333,57.555,57.803,-0.0005767,0.23352
13.5,57.553,57.803,-0.00057668,0.23352
13.667,57.552,57.803,-0.00057667,0.23352
13.833,57.55,57.803,-0.00057665,0.23352
14,57.548,57.803,-0.00057664,0.23352
14.167,57.547,57.803,-0.00057663,0.23352
14.333,57.545,57.803,-0.00057661,0.23352
14.5,57.544,57.803,-0.00057659,0.23352
14.667,57.543,57.803,-0.00057658,0.23352
14.833,57.541,57.803,-0.00057656,0.23352
15,57.539,57.803,-0.00057654,0.23352
15.167,57.538,57.803,-0.00057653,0.23352
15.333,57.536,57.803,-0.00057651,0.23352
15.5,57.534,57.803,-0.00057649,0.23352
15.667,57.533,57.803,-0.00057648,0.23352
15.833,57.533,57.803,-0.00057646,0.23352
16,208.28,57.803,1.3647,0.23352
16.167,208.28,57.803,1.8657,0.23352
16.333,134.81,57.803,2.4998,0.23352
16.5,60.557,57.803,2.5233,0.23352
16.667,23.274,57.803,2.5233,0.23352
16.833,-51.346,57.803,1.9183,0.23352
17,-125.68,57.803,0.81871,0.23352
17.167,-125.68,57.803,0.084853,0.23352
17.333,57.446,57.803,-0.00057561,0.23352
17.5,57.52,57.803,-0.00057635,0.23352
17.667,57.52,57.803,-0.00057635,0.23352
17.833,57.518,57.803,-0.00057633,0.23352
18,57.516,57.803,-0.00057631,0.23352
18.167,57.515,57.803,-0.0005763,0.23352
18.333,57.513,57.803,-0.00057628,0.23352
18.5,57.511,57.803,-0.00057626,0.23352
18.667,57.51,57.803,-0.00057625,0.23352
18.833,57.508,57.803,-0.00057623,0.23352
19,57.506,57.803,-0.00057621,0.23352
19.167,57.505,57.803,-0.0005762,0.23352
19.333,57.503,57.803,-0.00057618,0.23352
19.5,57.501,57.803,-0.00057616,0.23352
19.667,57.5,57.803,-0.00057615,0.23352
19.833,57.498,57.803,-0.00057613,0.23352
20,57.496,57.803,-0.00057611,0.23352
20.167,57.495,57.803,-0.0005761,0.23352
20.333,57.493,57.803,-0.00057608,0.23352
20.5,57.491,57.803,-0.00057606,0.23352
20.667,57.49,57.803,-0.00057605,0.23352
20.833,57.488,57.803,-0.00057603,0.23352
21,57.486,57.803,-0.00057601,0.23352
21.167,57.485,57.803,-0.000576,0.23352
21.333,57.483,57.803,-0.00057598,0.23352
21.5,57.481,57.803,-0.00057596,0.23352
21.667,57.48,57.803,-0.00057595,0.23352
21.833,57.479,57.803,-0.00057593,0.23352
22,57.477,57.803,-0.00057592,0.23352
22.167,57.476,57.803,-0.00057591,0.23352
22.333,57.474,57.803,-0.00057589,0.23352
22.5,57.472,57.803,-0.00057587,0.23352
22.667,57.471,57.803,-0.00057586,0.23352
22.833,57.469,57.803,-0.00057584,0.23352
23,57.467,57.803,-0.00057582,0.23352
23.167,57.466,57.803,-0.00057581,0.23352
23.333,57.464,57.803,-0.00057579,0.23352
23.5,57.462,57.803,-0.00057577,0.23352
23.667,57.461,57.803,-0.00057576,0.23352
23.833,57.459,57.803,-0.00057574,0.23352
24,57.457,57.803,-0.00057572,0.23352
24.167,57.457,57.803,-0.00057571,0.23352
24.333,183.9,57.803,0.6628,0.23352
24.5,183.9,57.803,1.6252,0.23352
24.667,147.12,57.803,1.9225,0.23352
24.833,72.969,57.803,1.9225,0.23352
25,-1.6037,57.803,1.8736,0.23352
25.167,-38.916,57.803,1.5511,0.23352
25.333,-38.916,57.803,0.53505,0.23352
25.5,56.967,57.803,-0.00057081,0.23352
25.667,57.444,57.803,-0.00057559,0.23352
25.833,57.444,57.803,-0.00057559,0.23352
26,57.442,57.803,-0.00057557,0.23352
26.167,57.441,57.803,-0.00057556,0.23352
26.333,57.439,57.803,-0.00057554,0.23352
26.5,57.437,57.803,-0.00057552,0.23352
26.667,57.436,57.803,-0.00057551,0.23352
26.833,57.434,57.803,-0.00057549,0.23352
27,57.432,57.803,-0.00057547,0.23352
27.167,57.431,57.803,-0.00057546,0.23352
27.333,57.429,57.803,-0.00057544,0.23352
27.5,57.428,57.803,-0.00057542,0.23352
27.667,57.427,57.803,-0.00057541,0.23352
27.833,57.425,57.803,-0.00057539,0.23352
28,57.423,57.803,-0.00057537,0.23352
28.167,57.422,57.803,-0.00057536,0.23352
28.333,57.42,57.803,-0.00057535,0.23352
28.5,57.418,57.803,-0.00057533,0.23352
28.667,57.417,57.803,-0.00057532,0.23352
28.833,57.415,57.803,-0.0005753,0.23352
29,57.413,57.803,-0.00057528,0.23352
29.167,57.412,57.803,-0.00057527,0.23352
29.333,57.41,57.803,-0.00057525,0.23352
29.5,57.408,57.803,-0.00057523,0.23352
29.667,57.407,57.803,-0.00057522,0.23352
29.833,57.405,57.803,-0.0005752,0.23352
30,57.403,57.803,-0.00057518,0.23352
30.167,57.402,57.803,-0.00057517,0.23352
30.333,57.4,57.803,-0.00057515,0.23352
30.5,57.398,57.803,-0.00057513,0.23352
30.667,57.397,57.803,-0.00057512,0.23352
30.833,57.395,57.803,-0.0005751,0.23352
31,57.393,57.803,-0.00057508,0.23352
31.167,57.392,57.803,-0.00057507,0.23352
31.333,57.39,57.803,-0.00057505,0.23352
31.5,57.388,57.803,-0.00057503,0.23352
31.667,57.387,57.803,-0.00057502,0.23352
31.833,57.385,57.803,-0.000575,0.23352
32,57.383,57.803,-0.00057498,0.23352
32.167,57.382,57.803,-0.00057497,0.23352
32.333,57.381,57.803,-0.00057495,0.23352
32.5,57.381,57.803,-0.00057493,0.23352
32.667,196.11,57.803,0.70298,0.23352
32.833,196.11,57.803,1.7467,0.23352
33,122.48,57.803,2.3002,0.23352
33.167,85.368,57.803,2.3002,0.23352
33.333,10.836,57.803,2.2018,0.23352
33.5,-63.766,57.803,1.5156,0.23352
33.667,-63.766,57.803,0.98699,0.23352
33.833,-43.125,57.803,0.00043211,0.23352
34,57.369,57.803,-0.00057483,0.23352
34.167,57.369,57.803,-0.00057483,0.23352
34.333,57.367,57.803,-0.00057481,0.23352
34.5,57.365,57.803,-0.00057479,0.23352
34.667,57.364,57.803,-0.00057478,0.23352
34.833,57.362,57.803,-0.00057477,0.23352
35,57.36,57.803,-0.00057475,0.23352
35.167,57.359,57.803,-0.00057474,0.23352
35.333,57.357,57.803,-0.00057472,0.23352
35.5,57.355,57.803,-0.0005747,0.23352
35.667,57.354,57.803,-0.00057469,0.23352
35.833,57.352,57.803,-0.00057467,0.23352
36,57.35,57.803,-0.00057465,0.23352
36.167,57.349,57.803,-0.00057464,0.23352
36.333,57.347,57.803,-0.00057462,0.23352
36.5,57.345,57.803,-0.0005746,0.23352
36.667,57.344,57.803,-0.00057459,0.23352
36.833,57.342,57.803,-0.00057457,0.23352
37,57.34,57.803,-0.00057455,0.23352
37.167,57.339,57.803,-0.00057454,0.23352
37.333,57.337,57.803,-0.00057452,0.23352
37.5,57.335,57.803,-0.0005745,0.23352
37.667,57.334,57.803,-0.00057449,0.23352
37.833,57.332,57.803,-0.00057447,0.23352
38,57.331,57.803,-0.00057445,0.23352
38.167,57.33,57.803,-0.00057444,0.23352
38.333,57.328,57.803,-0.00057442,0.23352
38.5,57.326,57.803,-0.0005744,0.23352
38.667,57.325,57.803,-0.00057439,0.23352
38.833,57.323,57.803,-0.00057437,0.23352
39,57.321,57.803,-0.00057435,0.23352
39.167,57.32,57.803,-0.00057434,0.23352
39.333,57.318,57.803,-0.00057432,0.23352
39.5,57.316,57.803,-0.0005743,0.23352
39.667,57.315,57.803,-0.0005743,0.23352
39.833,57.313,57.803,-0.00057428,0.23352
40,57.311,57.803,-0.00057426,0.23352
40.167,57.31,57.803,-0.00057425,0.23352
40.333,57.308,57.803,-0.00057423,0.23352
40.5,57.306,57.803,-0.00057421,0.23352
40.667,57.305,57.803,-0.0005742,0.23352
40.833,57.305,57.803,-0.00057418,0.23352
41,208.28,57.803,0.62324,0.23352
41.167,208.28,57.803,1.1256,0.23352
41.333,134.81,57.803,1.7625,0.23352
41.5,60.559,57.803,1.7901,0.23352
41.667,23.275,57.803,1.7901,0.23352
41.833,-51.344,57.803,1.1879,0.23352
42,-51.344,57.803,0.091058,0.23352
42.167,29.887,57.803,-0.00029947,0.23352
42.333,57.291,57.803,-0.00057405,0.23352
42.5,57.291,57.803,-0.00057405,0.23352
42.667,57.29,57.803,-0.00057404,0.23352
42.833,57.288,57.803,-0.00057402,0.23352
43,57.286,57.803,-0.000574,0.23352
43.167,57.285,57.803,-0.00057399,0.23352
43.333,57.283,57.803,-0.00057397,0.23352
43.5,57.281,57.803,-0.00057395,0.23352
43.667,57.28,57.803,-0.00057394,0.23352
43.833,57.278,57.803,-0.00057393,0.23352
44,57.276,57.803,-0.00057391,0.23352
44.167,57.275,57.803,-0.0005739,0.23352
44.333,57.273,57.803,-0.00057388,0.23352
44.5,57.271,57.803,-0.00057386,0.23352
44.667,57.27,57.803,-0.00057385,0.23352
44.833,57.268,57.803,-0.00057383,0.23352
45,57.266,57.803,-0.00057381,0.23352
45.167,57.265,57.803,-0.0005738,0.23352
45.333,57.263,57.803,-0.00057378,0.23352
45.5,57.261,57.803,-0.00057376,0.23352
45.667,57.26,57.803,-0.00057375,0.23352
45.833,57.258,57.803,-0.00057373,0.23352
46,57.256,57.803,-0.00057371,0.23352
46.167,57.256,57.803,-0.0005737,0.23352
46.333,57.254,57.803,-0.00057368,0.23352
46.5,57.252,57.803,-0.00057366,0.23352
46.667,57.251,57.803,-0.00057365,0.23352
46.833,57.249,57.803,-0.00057363,0.23352
47,57.247,57.803,-0.00057361,0.23352
47.167,57.246,57.803,-0.0005736,0.23352
47.333,57.244,57.803,-0.00057358,0.23352
47.5,57.242,57.803,-0.00057356,0.23352
47.667,57.241,57.803,-0.00057355,0.23352
47.833,57.239,57.803,-0.00057353,0.23352
48,57.237,57.803,-0.00057351,0.23352
48.167,57.236,57.803,-0.0005735,0.23352
48.333,57.234,57.803,-0.00057349,0.23352
48.5,57.232,57.803,-0.00057347,0.23352
48.667,57.231,57.803,-0.00057346,0.23352
48.833,57.229,57.803,-0.00057344,0.23352
49,57.227,57.803,-0.00057342,0.23352
49.167,57.227,57.803,-0.00057341,0.23352
49.333,183.9,57.803,0.66356,0.23352
49.5,183.9,57.803,1.6275,0.23352
49.667,147.12,57.803,1.9255,0.23352
49.833,72.969,57.803,1.9255,0.23352
50,-1.6038,57.803,1.8797,0.23352
50.167,-38.916,57.803,1.558,0.23352
50.333,-38.916,57.803,0.54343,0.23352
50.5,56.73,57.803,-0.00056843,0.23352
50.667,57.215,57.803,-0.00057329,0.23352
50.833,57.215,57.803,-0.00057329,0.23352
51,57.213,57.803,-0.00057327,0.23352
51.167,57.212,57.803,-0.00057326,0.23352
51.333,57.21,57.803,-0.00057324,0.23352
51.5,57.208,57.803,-0.00057322,0.23352
51.667,57.207,57.803,-0.00057321,0.23352
51.833,57.205,57.803,-0.00057319,0.23352
52,57.203,57.803,-0.00057317,0.23352
52.167,57.202,57.803,-0.00057316,0.23352
52.333,57.2,57.803,-0.00057314,0.23352
52.5,57.198,57.803,-0.00057312,0.23352
52.667,57.197,57.803,-0.00057311,0.23352
52.833,57.195,57.803,-0.00057309,0.23352
53,57.193,57.803,-0.00057308,0.23352
53.167,57.192,57.803,-0.00057307,0.23352
53.333,57.19,57.803,-0.00057305,0.23352
53.5,57.188,57.803,-0.00057303,0.23352
53.667,57.187,57.803,-0.00057302,0.23352
53.833,57.185,57.803,-0.000573,0.23352
54,57.183,57.803,-0.00057298,0.23352
54.167,57.182,57.803,-0.00057297,0.23352
54.333,57.18,57.803,-0.00057295,0.23352
54.5,57.179,57.803,-0.00057293,0.23352
54.667,57.178,57.803,-0.00057292,0.23352
54.833,57.176,57.803,-0.0005729,0.23352
55,57.174,57.803,-0.00057288,0.23352
55.167,57.173,57.803,-0.00057287,0.23352
55.333,57.171,57.803,-0.00057285,0.23352
55.5,57.169,57.803,-0.00057283,0.23352
55.667,57.168,57.803,-0.00057282,0.23352
55.833,57.166,57.803,-0.0005728,0.23352
56,57.164,57.803,-0.00057278,0.23352
56.167,57.163,57.803,-0.00057277,0.23352
56.333,57.161,57.803,-0.00057275,0.23352
56.5,57.159,57.803,-0.00057273,0.23352
56.667,57.158,57.803,-0.00057272,0.23352
56.833,57.156,57.803,-0.0005727,0.23352
57,57.154,57.803,-0.00057268,0.23352
57.167,57.153,57.803,-0.00057268,0.23352
57.333,57.151,57.803,-0.00057266,0.23352
57.5,57.151,57.803,-0.00057264,0.23352
57.667,196.11,57.803,0.70375,0.23352
57.833,196.11,57.803,1.749,0.23352
58,122.48,57.803,2.304,0.23352
58.167,85.368,57.803,2.304,0.23352
58.333,10.836,57.803,2.2079,0.23352
58.5,-63.766,57.803,1.5232,0.23352
58.667,-63.766,57.803,0.99535,0.23352
58.833,-46.081,57.803,0.00046173,0.23352
59,57.139,57.803,-0.00057254,0.23352
59.167,57.139,57.803,-0.00057254,0.23352
59.333,57.138,57.803,-0.00057252,0.23352
59.5,57.136,57.803,-0.0005725,0.23352
59.667,57.135,57.803,-0.00057249,0.23352
59.833,57.133,57.803,-0.00057247,0.23352
60,57.131,57.803,-0.00057245,0.23352
60.167,57.13,57.803,-0.00057244,0.23352
60.333,57.128,57.803,-0.00057242,0.23352
60.5,57.126,57.803,-0.0005724,0.23352
60.667,57.125,57.803,-0.00057239,0.23352
60.833,57.123,57.803,-0.00057237,0.23352
61,57.121,57.803,-0.00057235,0.23352
61.167,57.12,57.803,-0.00057234,0.23352
61.333,57.118,57.803,-0.00057232,0.23352
61.5,57.116,57.803,-0.0005723,0.23352
61.667,57.115,57.803,-0.00057229,0.23352
61.833,57.113,57.803,-0.00057227,0.23352
62,57.111,57.803,-0.00057226,0.23352
62.167,57.11,57.803,-0.00057225,0.23352
62.333,57.108,57.803,-0.00057223,0.23352
62.5,57.106,57.803,-0.00057221,0.23352
62.667,57.105,57.803,-0.0005722,0.23352
62.833,57.104,57.803,-0.00057218,0.23352
63,57.102,57.803,-0.00057216,0.23352
63.167,57.101,57.803,-0.00057215,0.23352
63.333,57.099,57.803,-0.00057213,0.23352
63.5,57.097,57.803,-0.00057211,0.23352
63.667,57.096,57.803,-0.0005721,0.23352
63.833,57.094,57.803,-0.00057208,0.23352
64,57.092,57.803,-0.00057206,0.23352
64.167,57.091,57.803,-0.00057205,0.23352
64.333,57.089,57.803,-0.00057203,0.23352
64.5,57.087,57.803,-0.00057201,0.23352
64.667,57.086,57.803,-0.000572,0.23352
64.833,57.084,57.803,-0.00057198,0.23352
65,57.082,57.803,-0.00057196,0.23352
65.167,57.081,57.803,-0.00057195,0.23352
65.333,57.079,57.803,-0.00057193,0.23352
65.5,57.077,57.803,-0.00057191,0.23352
65.667,57.076,57.803,-0.0005719,0.23352
65.833,57.076,57.803,-0.00057189,0.23352
66,208.28,57.803,1.3677,0.23352
66.167,208.28,57.803,1.8702,0.23352
66.333,134.81,57.803,2.5074,0.23352
66.5,60.557,57.803,2.5354,0.23352
66.667,23.274,57.803,2.5354,0.23352
