-0.16667,0,252.36,53.131,28.302
0,-1.7063,252.36,53.131,28.302
0.16667,-39.018,252.36,52.132,28.302
0.33333,-113.43,252.36,49.765,28.302
0.5,-187.2,252.36,46.91,28.302
0.66667,-223.72,252.36,45.301,28.302
0.83333,-295.75,252.36,41.727,28.302
1,-366.12,252.36,37.688,28.302
1.1667,-400.55,252.36,35.498,28.302
1.3333,-467.66,252.36,30.787,28.302
1.5,-532.12,252.36,25.65,28.302
1.6667,-563.24,252.36,22.928,28.302
1.8333,-623.05,252.36,17.191,28.302
2,-679.32,252.36,11.083,28.302
2.1667,-706.04,252.36,7.8981,28.302
2.3333,-706.04,252.36,1.2824,28.302
2.5,246.36,252.36,-0.0024686,28.302
2.6667,247.49,252.36,-0.0024798,28.302
2.8333,247.49,252.36,-0.0024798,28.302
3,247.47,252.36,-0.0024796,28.302
3.1667,247.46,252.36,-0.0024795,28.302
3.3333,247.44,252.36,-0.0024793,28.302
3.5,247.42,252.36,-0.0024791,28.302
3.6667,247.41,252.36,-0.002479,28.302
3.8333,247.39,252.36,-0.0024789,28.302
4,247.37,252.36,-0.0024787,28.302
4.1667,247.37,252.36,-0.0024786,28.302
4.3333,980.57,252.36,4.9272,28.302
4.5,980.57,252.36,9.8144,28.302
4.6667,975.19,252.36,12.23,28.302
4.8333,960.28,252.36,16.984,28.302
5,939.9,252.36,21.604,28.302
5.1667,927.7,252.36,23.852,28.302
5.3333,899.35,252.36,28.203,28.302
5.5,865.88,252.36,32.333,28.302
5.6667,847.28,252.36,34.304,28.302
5.8333,806.5,252.36,38.04,28.302
6,761.13,252.36,41.475,28.302
6.1667,736.8,252.36,43.071,28.302
6.3333,685.02,252.36,46.002,28.302
6.5,629.35,252.36,48.563,28.302
6.6667,600.15,252.36,49.698,28.302
6.8333,539.23,252.36,51.661,28.302
7,475.23,252.36,53.2,28.302
7.1667,442.19,252.36,53.805,28.302
7.3333,374.27,252.36,54.674,28.302
7.5,304.22,252.36,55.079,28.302
7.6667,268.51,252.36,55.079,28.302
7.8333,196,252.36,54.791,28.302
8,122.37,252.36,53.99,28.302
8.1667,85.266,252.36,53.405,28.302
8.3333,10.737,252.36,51.864,28.302
8.5,-63.862,252.36,49.829,28.302
8.6667,-101.06,252.36,48.627,28.302
8.8333,-174.96,252.36,45.856,28.302
9,-247.89,252.36,42.603,28.302
9.1667,-283.85,252.36,40.798,28.302
9.3333,-354.52,252.36,36.838,28.302
9.5,-423.19,252.36,32.425,28.302
9.6667,-456.64,252.36,30.053,28.302
9.8333,-521.57,252.36,24.989,28.302
10,-583.55,252.36,19.516,28.302
10.167,-613.31,252.36,16.633,28.302
10.333,-670.2,252.36,10.589,28.302
10.5,-723.29,252.36,4.1948,28.302
10.667,-723.29,252.36,0.87499,28.302
10.833,246.6,252.36,-0.0024709,28.302
11,247.35,252.36,-0.0024785,28.302
11.167,247.35,252.36,-0.0024785,28.302
11.333,247.33,252.36,-0.0024783,28.302
11.5,247.32,252.36,-0.0024781,28.302
11.667,247.31,252.36,-0.002478,28.302
11.833,247.29,252.36,-0.0024778,28.302
12,247.27,252.36,-0.0024776,28.302
12.167,247.26,252.36,-0.0024775,28.302
12.333,247.26,252.36,-0.0024773,28.302
12.5,987.69,252.36,2.4661,28.302
12.667,987.69,252.36,4.9302,28.302
12.833,982.06,252.36,9.8266,28.302
13,970.84,252.36,14.65,28.302
13.167,963.15,252.36,17.022,28.302
13.333,943.67,252.36,21.666,28.302
13.5,918.83,252.36,26.145,28.302
13.667,904.43,252.36,28.313,28.302
13.833,871.8,252.36,32.481,28.302
14,834.21,252.36,36.4,28.302
14.167,813.62,252.36,38.257,28.302
14.333,768.99,252.36,41.743,28.302
14.5,719.99,252.36,44.905,28.302
14.667,693.93,252.36,46.356,28.302
14.833,638.89,252.36,48.98,28.302
15,580.2,252.36,51.215,28.302
15.167,549.6,252.36,52.179,28.302
15.333,486.09,252.36,53.79,28.302
15.5,419.81,252.36,54.961,28.302
15.667,385.75,252.36,55.376,28.302
15.833,316.02,252.36,55.859,28.302
16,244.49,252.36,55.859,28.302
16.167,208.18,252.36,55.691,28.302
16.333,134.7,252.36,54.971,28.302
16.5,60.455,252.36,53.759,28.302
16.667,23.173,252.36,52.968,28.302
16.833,-51.444,252.36,51.015,28.302
17,-125.78,252.36,48.569,28.302
17.167,-162.71,252.36,47.163,28.302
17.333,-235.82,252.36,43.989,28.302
17.5,-307.61,252.36,40.339,28.302
17.667,-342.87,252.36,38.34,28.302
17.833,-411.9,252.36,34.001,28.302
18,-478.59,252.36,29.221,28.302
18.167,-510.95,252.36,26.671,28.302
18.333,-573.44,252.36,21.264,28.302
18.5,-632.68,252.36,15.467,28.302
18.667,-660.98,252.36,12.429,28.302
18.833,-660.98,252.36,6.0903,28.302
19,-589.97,252.36,0.0059115,28.302
19.167,244.76,252.36,-0.0024525,28.302
19.333,247.23,252.36,-0.0024772,28.302
19.5,247.23,252.36,-0.0024772,28.302
19.667,247.22,252.36,-0.0024771,28.302
19.833,247.2,252.36,-0.0024769,28.302
20,247.18,252.36,-0.0024767,28.302
20.167,247.17,252.36,-0.0024766,28.302
20.333,247.15,252.36,-0.0024764,28.302
20.5,247.13,252.36,-0.0024762,28.302
20.667,247.12,252.36,-0.0024761,28.302
20.833,247.12,252.36,-0.002476,28.302
21,983.39,252.36,4.9258,28.302
21.167,983.39,252.36,7.3741,28.302
21.333,973.09,252.36,12.215,28.302
21.5,957.26,252.36,16.952,28.302
21.667,947.3,252.36,19.271,28.302
21.833,923.34,252.36,23.784,28.302
22,894.12,252.36,28.103,28.302
22.167,877.59,252.36,30.18,28.302
22.333,840.82,252.36,34.146,28.302
22.5,799.25,252.36,37.838,28.302
22.667,776.75,252.36,39.57,28.302
22.833,728.45,252.36,42.792,28.302
23,676.01,252.36,45.666,28.302
23.167,648.33,252.36,46.964,28.302
23.333,590.23,252.36,49.269,28.302
23.5,528.77,252.36,51.166,28.302
23.667,496.88,252.36,51.956,28.302
23.833,431.04,252.36,53.205,28.302
24,362.74,252.36,54.001,28.302
24.167,327.78,252.36,54.224,28.302
24.333,256.52,252.36,54.224,28.302
24.5,183.8,252.36,53.925,28.302
24.667,147.02,252.36,53.547,28.302
24.833,72.869,252.36,52.421,28.302
25,-1.7016,252.36,50.801,28.302
25.167,-39.013,252.36,49.805,28.302
25.333,-113.42,252.36,47.445,28.302
25.5,-187.2,252.36,44.596,28.302
25.667,-223.71,252.36,42.991,28.302
25.833,-295.75,252.36,39.424,28.302
26,-366.11,252.36,35.391,28.302
26.167,-400.54,252.36,33.204,28.302
26.333,-467.65,252.36,28.5,28.302
26.5,-532.12,252.36,23.369,28.302
26.667,-563.24,252.36,20.651,28.302
26.833,-623.04,252.36,14.92,28.302
27,-679.32,252.36,8.8187,28.302
27.167,-679.32,252.36,5.6367,28.302
27.333,-463.01,252.36,0.0046394,28.302
27.5,247.1,252.36,-0.0024759,28.302
27.667,247.1,252.36,-0.0024759,28.302
27.833,247.08,252.36,-0.0024758,28.302
28,247.06,252.36,-0.0024756,28.302
28.167,247.05,252.36,-0.0024755,28.302
28.333,247.03,252.36,-0.0024753,28.302
28.5,247.01,252.36,-0.0024751,28.302
28.667,247,252.36,-0.002475,28.302
28.833,246.98,252.36,-0.0024748,28.302
29,246.96,252.36,-0.0024746,28.302
29.167,246.96,252.36,-0.0024745,28.302
29.333,980.57,252.36,4.9299,28.302
29.5,980.57,252.36,9.8199,28.302
29.667,975.19,252.36,12.237,28.302
29.833,960.28,252.36,16.994,28.302
30,939.9,252.36,21.616,28.302
30.167,927.7,252.36,23.865,28.302
30.333,899.35,252.36,28.219,28.302
30.5,865.88,252.36,32.352,28.302
30.667,847.28,252.36,34.324,28.302
30.833,806.5,252.36,38.063,28.302
31,761.13,252.36,41.501,28.302
31.167,736.8,252.36,43.098,28.302
31.333,685.02,252.36,46.031,28.302
31.5,629.35,252.36,48.595,28.302
31.667,600.15,252.36,49.731,28.302
31.833,539.23,252.36,51.697,28.302
32,475.23,252.36,53.239,28.302
32.167,442.19,252.36,53.845,28.302
32.333,374.27,252.36,54.717,28.302
32.5,304.22,252.36,55.124,28.302
32.667,268.51,252.36,55.124,28.302
32.833,196,252.36,54.84,28.302
33,122.37,252.36,54.042,28.302
33.167,85.266,252.36,53.458,28.302
33.333,10.737,252.36,51.92,28.302
33.5,-63.862,252.36,49.888,28.302
33.667,-101.06,252.36,48.687,28.302
33.833,-174.96,252.36,45.918,28.302
34,-247.89,252.36,42.667,28.302
34.167,-283.85,252.36,40.864,28.302
34.333,-354.52,252.36,36.907,28.302
34.5,-423.19,252.36,32.496,28.302
34.667,-456.64,252.36,30.125,28.302
34.833,-521.57,252.36,25.064,28.302
35,-583.55,252.36,19.594,28.302
35.167,-613.31,252.36,16.712,28.302
35.333,-670.2,252.36,10.671,28.302
35.5,-723.29,252.36,4.2788,28.302
35.667,-723.29,252.36,0.96034,28.302
35.833,246.12,252.36,-0.0024661,28.302
36,246.95,252.36,-0.0024744,28.302
36.167,246.95,252.36,-0.0024744,28.302
36.333,246.93,252.36,-0.0024743,28.302
36.5,246.91,252.36,-0.0024741,28.302
36.667,246.9,252.36,-0.002474,28.302
36.833,246.88,252.36,-0.0024738,28.302
37,246.86,252.36,-0.0024736,28.302
37.167,246.85,252.36,-0.0024735,28.302
37.333,246.85,252.36,-0.0024733,28.302
37.5,987.69,252.36,2.4674,28.302
37.667,987.69,252.36,4.9329,28.302
37.833,982.06,252.36,9.832,28.302
38,970.84,252.36,14.658,28.302
38.167,963.15,252.36,17.031,28.302
38.333,943.67,252.36,21.678,28.302
38.5,918.83,252.36,26.16,28.302
38.667,904.43,252.36,28.329,28.302
38.833,871.8,252.36,32.5,28.302
39,834.21,252.36,36.422,28.302
39.167,813.62,252.36,38.279,28.302
39.333,768.99,252.36,41.769,28.302
39.5,719.99,252.36,44.933,28.302
39.667,693.93,252.36,46.385,28.302
39.833,638.89,252.36,49.012,28.302
40,580.2,252.36,51.249,28.302
40.167,549.6,252.36,52.215,28.302
40.333,486.09,252.36,53.828,28.302
40.5,419.81,252.36,55.002,28.302
40.667,385.75,252.36,55.419,28.302
40.833,316.02,252.36,55.904,28.302
41,244.49,252.36,55.904,28.302
41.167,208.18,252.36,55.739,28.302
41.333,134.7,252.36,55.022,28.302
41.5,60.455,252.36,53.813,28.302
41.667,23.173,252.36,53.023,28.302
41.833,-51.444,252.36,51.073,28.302
42,-125.78,252.36,48.63,28.302
42.167,-162.71,252.36,47.225,28.302
42.333,-235.82,252.36,44.053,28.302
42.5,-307.61,252.36,40.406,28.302
42.667,-342.87,252.36,38.408,28.302
42.833,-411.9,252.36,34.072,28.302
43,-478.59,252.36,29.294,28.302
43.167,-510.95,252.36,26.745,28.302
43.333,-573.44,252.36,21.341,28.302
43.5,-632.68,252.36,15.546,28.302
43.667,-660.98,252.36,12.51,28.302
43.833,-660.98,252.36,6.1737,28.302
44,-615.7,252.36,0.0061693,28.302
44.167,244.28,252.36,-0.0024477,28.302
44.333,246.83,252.36,-0.0024732,28.302
44.5,246.83,252.36,-0.0024732,28.302
44.667,246.82,252.36,-0.0024731,28.302
44.833,246.8,252.36,-0.0024729,28.302
45,246.78,252.36,-0.0024727,28.302
45.167,246.77,252.36,-0.0024726,28.302
45.333,246.75,252.36,-0.0024724,28.302
45.5,246.73,252.36,-0.0024722,28.302
45.667,246.73,252.36,-0.0024721,28.302
45.833,986.43,252.36,2.4675,28.302
46,986.43,252.36,7.3943,28.302
46.167,983.38,252.36,9.8418,28.302
46.333,973.09,252.36,14.682,28.302
46.5,957.26,252.36,19.417,28.302
46.667,947.29,252.36,21.735,28.302
46.833,923.33,252.36,26.246,28.302
47,894.12,252.36,30.564,28.302
47.167,877.59,252.36,32.64,28.302
47.333,840.81,252.36,36.605,28.302
47.5,799.25,252.36,40.295,28.302
47.667,776.74,252.36,42.027,28.302
47.833,728.45,252.36,45.247,28.302
48,676.01,252.36,48.119,28.302
48.167,648.32,252.36,49.417,28.302
48.333,590.22,252.36,51.72,28.302
48.5,528.76,252.36,53.615,28.302
48.667,496.88,252.36,54.404,28.302
48.833,431.03,252.36,55.651,28.302
49,362.73,252.36,56.446,28.302
49.167,327.78,252.36,56.669,28.302
49.333,256.52,252.36,56.669,28.302
49.5,183.79,252.36,56.366,28.302
49.667,147.01,252.36,55.987,28.302
49.833,72.864,252.36,54.86,28.302
50,-1.7065,252.36,53.238,28.302
50.167,-39.018,252.36,52.242,28.302
50.333,-113.43,252.36,49.88,28.302
50.5,-187.2,252.36,47.029,28.302
50.667,-223.72,252.36,45.423,28.302
50.833,-295.75,252.36,41.854,28.302
51,-366.12,252.36,37.819,28.302
51.167,-400.55,252.36,35.632,28.302
51.333,-467.66,252.36,30.926,28.302
51.5,-532.12,252.36,25.794,28.302
51.667,-563.24,252.36,23.074,28.302
51.833,-623.05,252.36,17.342,28.302
52,-679.32,252.36,11.239,28.302
52.167,-706.04,252.36,8.0562,28.302
52.333,-706.04,252.36,1.4452,28.302
52.5,245.46,252.36,-0.0024595,28.302
52.667,246.73,252.36,-0.0024722,28.302
52.833,246.73,252.36,-0.0024722,28.302
53,246.71,252.36,-0.002472,28.302
53.167,246.7,252.36,-0.0024719,28.302
53.333,246.68,252.36,-0.0024717,28.302
53.5,246.66,252.36,-0.0024715,28.302
53.667,246.65,252.36,-0.0024715,28.302
53.833,246.63,252.36,-0.0024713,28.302
54,246.61,252.36,-0.0024711,28.302
54.167,246.61,252.36,-0.002471,28.302
54.333,980.57,252.36,4.9323,28.302
54.5,980.57,252.36,9.8245,28.302
54.667,975.19,252.36,12.243,28.302
54.833,960.28,252.36,17.002,28.302
55,939.9,252.36,21.626,28.302
55.167,927.7,252.36,23.877,28.302
55.333,899.35,252.36,28.233,28.302
55.5,865.88,252.36,32.368,28.302
55.667,847.28,252.36,34.342,28.302
55.833,806.5,252.36,38.083,28.302
56,761.13,252.36,41.523,28.302
56.167,736.8,252.36,43.121,28.302
56.333,685.02,252.36,46.057,28.302
56.5,629.35,252.36,48.623,28.302
56.667,600.15,252.36,49.76,28.302
56.833,539.23,252.36,51.728,28.302
57,475.23,252.36,53.272,28.302
57.167,442.19,252.36,53.879,28.302
57.333,374.27,252.36,54.754,28.302
57.5,304.22,252.36,55.164,28.302
57.667,268.51,252.36,55.164,28.302
57.833,196,252.36,54.883,28.302
58,122.37,252.36,54.087,28.302
58.167,85.266,252.36,53.504,28.302
58.333,10.736,252.36,51.968,28.302
58.5,-63.862,252.36,49.938,28.302
58.667,-101.06,252.36,48.738,28.302
58.833,-174.96,252.36,45.972,28.302
59,-247.89,252.36,42.724,28.302
59.167,-283.85,252.36,40.921,28.302
59.333,-354.52,252.36,36.966,28.302
59.5,-423.19,252.36,32.558,28.302
59.667,-456.64,252.36,30.188,28.302
59.833,-521.57,252.36,25.129,28.302
60,-583.55,252.36,19.661,28.302
60.167,-613.31,252.36,16.781,28.302
60.333,-670.2,252.36,10.741,28.302
60.5,-723.29,252.36,4.3516,28.302
60.667,-723.29,252.36,1.0342,28.302
60.833,245.7,252.36,-0.0024619,28.302
61,246.6,252.36,-0.0024709,28.302
61.167,246.6,252.36,-0.0024709,28.302
61.333,246.58,252.36,-0.0024708,28.302
61.5,246.56,252.36,-0.0024706,28.302
61.667,246.55,252.36,-0.0024705,28.302
61.833,246.53,252.36,-0.0024703,28.302
62,246.51,252.36,-0.0024701,28.302
62.167,246.51,252.36,-0.00247,28.302
62.333,246.51,252.36,-0.0024698,28.302
62.5,987.69,252.36,2.4686,28.302
62.667,987.69,252.36,4.9352,28.302
62.833,982.06,252.36,9.8366,28.302
63,970.84,252.36,14.665,28.302
63.167,963.15,252.36,17.039,28.302
63.333,943.67,252.36,21.688,28.302
63.5,918.83,252.36,26.173,28.302
63.667,904.43,252.36,28.343,28.302
63.833,871.8,252.36,32.516,28.302
64,834.21,252.36,36.44,28.302
64.167,813.62,252.36,38.299,28.302
64.333,768.99,252.36,41.791,28.302
64.5,719.99,252.36,44.958,28.302
64.667,693.93,252.36,46.41,28.302
64.833,638.89,252.36,49.039,28.302
65,580.2,252.36,51.279,28.302
65.167,549.6,252.36,52.246,28.302
65.333,486.09,252.36,53.862,28.302
65.5,419.81,252.36,55.037,28.302
65.667,385.75,252.36,55.455,28.302
65.833,316.02,252.36,55.943,28.302
66,244.49,252.36,55.943,28.302
66.167,208.18,252.36,55.782,28.302
66.333,134.7,252.36,55.067,28.302
66.5,60.455,252.36,53.86,28.302
