-0.16667,0,449.3,101.28,86.632
0,-1.8026,449.3,101.28,86.632
0.16667,-39.113,449.3,99.647,86.632
0.33333,-113.52,449.3,96.016,86.632
0.5,-187.29,449.3,91.898,86.632
0.66667,-223.81,449.3,89.658,86.632
0.83333,-295.84,449.3,84.825,86.632
1,-366.2,449.3,79.528,86.632
1.1667,-400.63,449.3,76.71,86.632
1.3333,-467.74,449.3,70.745,86.632
1.5,-532.2,449.3,64.357,86.632
1.6667,-563.32,449.3,61.01,86.632
1.8333,-623.12,449.3,54.024,86.632
2,-623.12,449.3,47.554,86.632
2.1667,702.73,449.3,47.554,86.632
2.3333,753.12,449.3,49.574,86.632
2.5,799.22,449.3,51.906,86.632
2.6667,820.58,449.3,53.179,86.632
2.8333,859.77,449.3,55.919,86.632
3,894.06,449.3,58.892,86.632
3.1667,909.31,449.3,60.454,86.632
3.3333,935.9,449.3,63.711,86.632
3.5,957.16,449.3,67.113,86.632
3.6667,965.76,449.3,68.857,86.632
3.8333,978.81,449.3,72.408,86.632
4,986.29,449.3,76.012,86.632
4.1667,986.99,449.3,77.823,86.632
4.3333,986.99,449.3,81.437,86.632
4.5,980.42,449.3,85.011,86.632
4.6667,975.05,449.3,86.771,86.632
4.8333,960.13,449.3,90.215,86.632
5,939.76,449.3,93.526,86.632
5.1667,927.56,449.3,95.121,86.632
5.3333,899.21,449.3,98.167,86.632
5.5,865.74,449.3,100.99,86.632
5.6667,847.15,449.3,102.31,86.632
5.8333,806.37,449.3,104.75,86.632
6,760.99,449.3,106.89,86.632
6.1667,736.67,449.3,107.84,86.632
6.3333,684.9,449.3,109.47,86.632
6.5,629.23,449.3,110.74,86.632
6.6667,600.03,449.3,111.23,86.632
6.8333,539.11,449.3,111.91,86.632
7,475.11,449.3,112.12,86.632
7.1667,442.08,449.3,112.12,86.632
7.3333,374.16,449.3,111.71,86.632
7.5,304.11,449.3,110.83,86.632
7.6667,268.4,449.3,110.21,86.632
7.8333,195.9,449.3,108.62,86.632
8,122.27,449.3,106.55,86.632
8.1667,85.162,449.3,105.32,86.632
8.3333,10.635,449.3,102.51,86.632
8.5,-63.961,449.3,99.205,86.632
8.6667,-101.15,449.3,97.369,86.632
8.8333,-175.06,449.3,93.331,86.632
9,-247.98,449.3,88.812,86.632
9.1667,-283.94,449.3,86.375,86.632
9.3333,-354.61,449.3,81.154,86.632
9.5,-423.27,449.3,75.48,86.632
9.6667,-456.73,449.3,72.479,86.632
9.8333,-521.66,449.3,66.159,86.632
10,-583.63,449.3,59.432,86.632
10.167,-613.39,449.3,55.922,86.632
10.333,-613.39,449.3,50.42,86.632
10.5,719.98,449.3,50.42,86.632
10.667,745.01,449.3,51.443,86.632
10.833,791.84,449.3,53.721,86.632
11,834.17,449.3,56.285,86.632
11.167,853.57,449.3,57.664,86.632
11.333,888.69,449.3,60.597,86.632
11.5,918.75,449.3,63.734,86.632
11.667,931.83,449.3,65.368,86.632
11.833,953.99,449.3,68.744,86.632
12,970.72,449.3,72.236,86.632
12.167,977.02,449.3,74.014,86.632
12.333,985.43,449.3,77.608,86.632
12.5,987.53,449.3,81.225,86.632
12.667,987.53,449.3,83.03,86.632
12.833,981.9,449.3,86.61,86.632
13,970.68,449.3,90.118,86.632
13.167,963,449.3,91.834,86.632
13.333,943.53,449.3,95.166,86.632
13.5,918.68,449.3,98.337,86.632
13.667,904.29,449.3,99.85,86.632
13.833,871.66,449.3,102.71,86.632
14,834.07,449.3,105.33,86.632
14.167,813.48,449.3,106.53,86.632
14.333,768.86,449.3,108.72,86.632
14.5,719.86,449.3,110.58,86.632
14.667,693.8,449.3,111.38,86.632
14.833,638.76,449.3,112.71,86.632
15,580.08,449.3,113.65,86.632
15.167,549.48,449.3,113.97,86.632
15.333,485.97,449.3,114.18,86.632
15.5,419.69,449.3,114.18,86.632
15.667,385.63,449.3,113.95,86.632
15.833,315.91,449.3,113.15,86.632
16,244.38,449.3,111.87,86.632
16.167,208.06,449.3,111.06,86.632
16.333,134.59,449.3,109.06,86.632
16.5,60.349,449.3,106.57,86.632
16.667,23.069,449.3,105.14,86.632
16.833,-51.546,449.3,101.91,86.632
17,-125.88,449.3,98.195,86.632
17.167,-162.8,449.3,96.154,86.632
17.333,-235.92,449.3,91.711,86.632
17.5,-307.7,449.3,86.795,86.632
17.667,-342.96,449.3,84.163,86.632
17.833,-411.99,449.3,78.561,86.632
18,-478.68,449.3,72.52,86.632
18.167,-511.03,449.3,69.34,86.632
18.333,-573.52,449.3,62.676,86.632
18.5,-632.76,449.3,55.623,86.632
18.667,-632.76,449.3,51.958,86.632
18.833,711.41,449.3,51.19,86.632
19,761.11,449.3,51.19,86.632
19.167,784.35,449.3,52.343,86.632
19.333,827.44,449.3,54.863,86.632
19.5,865.83,449.3,57.643,86.632
19.667,883.18,449.3,59.12,86.632
19.833,914.1,449.3,62.226,86.632
20,939.81,449.3,65.508,86.632
20.167,950.67,449.3,67.203,86.632
20.333,968.32,449.3,70.68,86.632
20.5,980.45,449.3,74.241,86.632
20.667,984.42,449.3,76.041,86.632
20.833,986.28,449.3,79.659,86.632
21,986.28,449.3,83.267,86.632
21.167,983.23,449.3,85.056,86.632
21.333,972.94,449.3,88.581,86.632
21.5,957.11,449.3,92.003,86.632
21.667,947.15,449.3,93.665,86.632
21.833,923.19,449.3,96.866,86.632
22,893.98,449.3,99.876,86.632
22.167,877.45,449.3,101.3,86.632
22.333,840.68,449.3,103.96,86.632
22.5,799.11,449.3,106.35,86.632
22.667,776.61,449.3,107.43,86.632
22.833,728.32,449.3,109.35,86.632
23,675.88,449.3,110.92,86.632
23.167,648.2,449.3,111.57,86.632
23.333,590.1,449.3,112.58,86.632
23.5,528.64,449.3,113.19,86.632
23.667,496.76,449.3,113.29,86.632
23.833,430.92,449.3,113.29,86.632
24,362.62,449.3,112.8,86.632
24.167,327.67,449.3,112.38,86.632
24.333,256.41,449.3,111.19,86.632
24.5,183.69,449.3,109.51,86.632
24.667,146.91,449.3,108.49,86.632
24.833,72.761,449.3,106.09,86.632
25,-1.8064,449.3,103.19,86.632
25.167,-39.116,449.3,101.56,86.632
25.333,-113.52,449.3,97.923,86.632
25.5,-187.3,449.3,93.802,86.632
25.667,-223.81,449.3,91.562,86.632
25.833,-295.84,449.3,86.726,86.632
26,-366.21,449.3,81.426,86.632
26.167,-400.63,449.3,78.607,86.632
26.333,-467.74,449.3,72.64,86.632
26.5,-532.2,449.3,66.249,86.632
26.667,-563.32,449.3,62.9,86.632
26.833,-623.13,449.3,55.912,86.632
27,-623.13,449.3,49.438,86.632
27.167,702.72,449.3,49.438,86.632
27.333,753.12,449.3,51.456,86.632
27.5,799.22,449.3,53.785,86.632
27.667,820.58,449.3,55.056,86.632
27.833,859.77,449.3,57.794,86.632
28,894.06,449.3,60.764,86.632
28.167,909.3,449.3,62.326,86.632
28.333,935.9,449.3,65.58,86.632
28.5,957.16,449.3,68.979,86.632
28.667,965.75,449.3,70.721,86.632
28.833,978.81,449.3,74.27,86.632
29,986.29,449.3,77.872,86.632
29.167,986.98,449.3,79.681,86.632
29.333,986.98,449.3,83.293,86.632
29.5,980.42,449.3,86.864,86.632
29.667,975.04,449.3,88.623,86.632
29.833,960.13,449.3,92.064,86.632
30,939.76,449.3,95.372,86.632
30.167,927.55,449.3,96.966,86.632
30.333,899.2,449.3,100.01,86.632
30.5,865.74,449.3,102.83,86.632
30.667,847.14,449.3,104.15,86.632
30.833,806.36,449.3,106.59,86.632
31,760.99,449.3,108.72,86.632
31.167,736.66,449.3,109.67,86.632
31.333,684.89,449.3,111.3,86.632
31.5,629.22,449.3,112.57,86.632
31.667,600.02,449.3,113.06,86.632
31.833,539.1,449.3,113.73,86.632
32,475.11,449.3,113.94,86.632
32.167,442.07,449.3,113.94,86.632
32.333,374.15,449.3,113.52,86.632
32.5,304.1,449.3,112.64,86.632
32.667,268.4,449.3,112.03,86.632
32.833,195.89,449.3,110.43,86.632
33,122.26,449.3,108.35,86.632
33.167,85.158,449.3,107.13,86.632
33.333,10.632,449.3,104.31,86.632
33.5,-63.965,449.3,101.01,86.632
33.667,-101.16,449.3,99.168,86.632
33.833,-175.06,449.3,95.127,86.632
34,-247.98,449.3,90.605,86.632
34.167,-283.95,449.3,88.167,86.632
34.333,-354.61,449.3,82.943,86.632
34.5,-423.28,449.3,77.267,86.632
34.667,-456.73,449.3,74.265,86.632
34.833,-521.66,449.3,67.942,86.632
35,-583.63,449.3,61.212,86.632
35.167,-613.4,449.3,57.701,86.632
35.333,-613.4,449.3,50.403,86.632
35.5,719.98,449.3,48.589,86.632
35.667,745.01,449.3,48.589,86.632
35.833,791.85,449.3,50.873,86.632
36,834.18,449.3,53.442,86.632
36.167,853.57,449.3,54.824,86.632
36.333,888.7,449.3,57.762,86.632
36.5,918.76,449.3,60.903,86.632
36.667,931.84,449.3,62.54,86.632
36.833,954,449.3,65.922,86.632
37,970.73,449.3,69.418,86.632
37.167,977.02,449.3,71.198,86.632
37.333,985.44,449.3,74.798,86.632
37.5,987.54,449.3,78.42,86.632
37.667,987.54,449.3,80.228,86.632
37.833,981.91,449.3,83.813,86.632
38,970.69,449.3,87.326,86.632
38.167,963,449.3,89.044,86.632
38.333,943.53,449.3,92.382,86.632
38.5,918.69,449.3,95.558,86.632
38.667,904.29,449.3,97.074,86.632
38.833,871.67,449.3,99.941,86.632
39,834.08,449.3,102.56,86.632
39.167,813.49,449.3,103.77,86.632
39.333,768.87,449.3,105.96,86.632
39.5,719.86,449.3,107.83,86.632
39.667,693.81,449.3,108.63,86.632
39.833,638.77,449.3,109.97,86.632
40,580.09,449.3,110.91,86.632
40.167,549.48,449.3,111.24,86.632
40.333,485.98,449.3,111.45,86.632
40.5,419.7,449.3,111.45,86.632
40.667,385.64,449.3,111.22,86.632
40.833,315.91,449.3,110.43,86.632
41,244.38,449.3,109.16,86.632
41.167,208.07,449.3,108.34,86.632
41.333,134.6,449.3,106.35,86.632
41.5,60.355,449.3,103.87,86.632
41.667,23.074,449.3,102.44,86.632
41.833,-51.54,449.3,99.218,86.632
42,-125.87,449.3,95.506,86.632
42.167,-162.8,449.3,93.467,86.632
42.333,-235.91,449.3,89.03,86.632
42.5,-307.7,449.3,84.119,86.632
42.667,-342.96,449.3,81.49,86.632
42.833,-411.98,449.3,75.893,86.632
43,-478.68,449.3,69.857,86.632
43.167,-511.03,449.3,66.68,86.632
43.333,-573.52,449.3,60.021,86.632
43.5,-632.76,449.3,52.973,86.632
43.667,-632.76,449.3,49.31,86.632
43.833,711.41,449.3,48.553,86.632
44,761.11,449.3,48.553,86.632
44.167,784.35,449.3,49.708,86.632
44.333,827.45,449.3,52.234,86.632
44.5,865.83,449.3,55.019,86.632
44.667,883.19,449.3,56.498,86.632
44.833,914.11,449.3,59.61,86.632
45,939.82,449.3,62.897,86.632
45.167,950.68,449.3,64.595,86.632
45.333,968.32,449.3,68.077,86.632
45.5,980.45,449.3,71.643,86.632
45.667,984.43,449.3,73.446,86.632
45.833,986.29,449.3,77.068,86.632
46,986.29,449.3,80.682,86.632
46.167,983.24,449.3,82.474,86.632
46.333,972.95,449.3,86.003,86.632
46.5,957.12,449.3,89.431,86.632
46.667,947.15,449.3,91.095,86.632
46.833,923.2,449.3,94.302,86.632
47,893.98,449.3,97.317,86.632
47.167,877.46,449.3,98.743,86.632
47.333,840.68,449.3,101.41,86.632
47.5,799.12,449.3,103.8,86.632
47.667,776.62,449.3,104.88,86.632
47.833,728.32,449.3,106.81,86.632
48,675.88,449.3,108.39,86.632
48.167,648.2,449.3,109.04,86.632
48.333,590.11,449.3,110.06,86.632
48.5,528.65,449.3,110.67,86.632
48.667,496.77,449.3,110.78,86.632
48.833,430.92,449.3,110.78,86.632
49,362.62,449.3,110.29,86.632
49.167,327.67,449.3,109.87,86.632
49.333,256.42,449.3,108.69,86.632
49.5,183.69,449.3,107.02,86.632
49.667,146.91,449.3,106,86.632
49.833,72.766,449.3,103.6,86.632
50,-1.8014,449.3,100.71,86.632
50.167,-39.111,449.3,99.079,86.632
50.333,-113.52,449.3,95.45,86.632
50.5,-187.29,449.3,91.334,86.632
50.667,-223.81,449.3,89.096,86.632
50.833,-295.84,449.3,84.266,86.632
51,-366.2,449.3,78.971,86.632
51.167,-400.63,449.3,76.155,86.632
51.333,-467.74,449.3,70.193,86.632
51.5,-532.2,449.3,63.807,86.632
51.667,-563.32,449.3,60.461,86.632
51.833,-623.12,449.3,53.478,86.632
52,-623.12,449.3,47.012,86.632
52.167,702.73,449.3,47.012,86.632
52.333,753.12,449.3,49.035,86.632
52.5,799.22,449.3,51.369,86.632
52.667,820.58,449.3,52.643,86.632
52.833,859.77,449.3,55.386,86.632
53,894.06,449.3,58.361,86.632
53.167,909.31,449.3,59.925,86.632
53.333,935.9,449.3,63.185,86.632
53.5,957.16,449.3,66.589,86.632
53.667,965.76,449.3,68.334,86.632
53.833,978.81,449.3,71.888,86.632
54,986.3,449.3,75.495,86.632
54.167,986.99,449.3,77.307,86.632
54.333,986.99,449.3,80.924,86.632
54.5,980.42,449.3,84.5,86.632
54.667,975.05,449.3,86.262,86.632
54.833,960.14,449.3,89.708,86.632
55,939.76,449.3,93.022,86.632
55.167,927.56,449.3,94.618,86.632
55.333,899.21,449.3,97.667,86.632
55.5,865.74,449.3,100.5,86.632
55.667,847.15,449.3,101.82,86.632
55.833,806.37,449.3,104.26,86.632
56,761,449.3,106.4,86.632
56.167,736.67,449.3,107.35,86.632
56.333,684.9,449.3,108.99,86.632
56.5,629.23,449.3,110.26,86.632
56.667,600.03,449.3,110.75,86.632
56.833,539.11,449.3,111.43,86.632
57,475.11,449.3,111.64,86.632
57.167,442.08,449.3,111.64,86.632
57.333,374.16,449.3,111.23,86.632
57.5,304.11,449.3,110.36,86.632
57.667,268.4,449.3,109.74,86.632
57.833,195.9,449.3,108.16,86.632
58,122.27,449.3,106.08,86.632
58.167,85.163,449.3,104.86,86.632
58.333,10.636,449.3,102.05,86.632
58.5,-63.96,449.3,98.747,86.632
58.667,-101.15,449.3,96.911,86.632
58.833,-175.06,449.3,92.875,86.632
59,-247.98,449.3,88.359,86.632
59.167,-283.94,449.3,85.924,86.632
59.333,-354.61,449.3,80.705,86.632
59.5,-423.27,449.3,75.034,86.632
59.667,-456.73,449.3,72.034,86.632
59.833,-521.65,449.3,65.717,86.632
60,-583.63,449.3,58.992,86.632
60.167,-613.39,449.3,55.484,86.632
60.333,-613.39,449.3,49.987,86.632
60.5,719.98,449.3,49.987,86.632
60.667,745.01,449.3,51.011,86.632
60.833,791.84,449.3,53.291,86.632
61,834.17,449.3,55.858,86.632
61.167,853.57,449.3,57.239,86.632
61.333,888.69,449.3,60.174,86.632
61.5,918.75,449.3,63.313,86.632
61.667,931.83,449.3,64.948,86.632
61.833,953.99,449.3,68.327,86.632
62,970.72,449.3,71.821,86.632
62.167,977.02,449.3,73.6,86.632
62.333,985.43,449.3,77.197,86.632
62.5,987.53,449.3,80.817,86.632
62.667,987.53,449.3,82.623,86.632
62.833,981.9,449.3,86.205,86.632
63,970.68,449.3,89.716,86.632
63.167,963,449.3,91.433,86.632
63.333,943.53,449.3,94.768,86.632
63.5,918.68,449.3,97.941,86.632
63.667,904.29,449.3,99.455,86.632
63.833,871.66,449.3,102.32,86.632
64,834.07,449.3,104.94,86.632
64.167,813.48,449.3,106.14,86.632
64.333,768.86,449.3,108.33,86.632
64.5,719.86,449.3,110.2,86.632
64.667,693.8,449.3,111,86.632
64.833,638.76,449.3,112.33,86.632
65,580.08,449.3,113.28,86.632
65.167,549.48,449.3,113.6,86.632
65.333,485.97,449.3,113.81,86.632
65.5,419.69,449.3,113.81,86.632
65.667,385.63,449.3,113.58,86.632
65.833,315.91,449.3,112.78,86.632
66,244.38,449.3,111.51,86.632
66.167,208.07,449.3,110.69,86.632
66.333,134.59,449.3,108.7,86.632
66.5,60.35,449.3,106.21,86.632
