-0.16667,0,87.48,8.2128,1.7501
0,-1.6164,87.48,8.2128,1.7501
0.16667,-38.929,87.48,7.7856,1.7501
0.33333,-113.34,87.48,6.5605,1.7501
0.5,-187.12,87.48,4.8449,1.7501
0.66667,-223.64,87.48,3.8053,1.7501
0.83333,-223.64,87.48,1.3684,1.7501
1,86.05,87.48,-0.00086222,1.7501
1.1667,87.272,87.48,-0.00087447,1.7501
1.3333,87.272,87.48,-0.00087447,1.7501
1.5,87.269,87.48,-0.00087443,1.7501
1.6667,87.267,87.48,-0.00087442,1.7501
1.8333,87.263,87.48,-0.00087438,1.7501
2,87.26,87.48,-0.00087434,1.7501
2.1667,87.258,87.48,-0.00087433,1.7501
2.3333,87.255,87.48,-0.00087429,1.7501
2.5,87.251,87.48,-0.00087425,1.7501
2.6667,87.249,87.48,-0.00087424,1.7501
2.8333,87.246,87.48,-0.0008742,1.7501
3,87.242,87.48,-0.00087417,1.7501
3.1667,87.24,87.48,-0.00087415,1.7501
3.3333,87.237,87.48,-0.00087411,1.7501
3.5,87.233,87.48,-0.00087408,1.7501
3.6667,87.231,87.48,-0.00087406,1.7501
3.8333,87.228,87.48,-0.00087402,1.7501
4,87.224,87.48,-0.00087399,1.7501
4.1667,87.222,87.48,-0.00087397,1.7501
4.3333,87.219,87.48,-0.00087393,1.7501
4.5,87.215,87.48,-0.0008739,1.7501
4.6667,87.214,87.48,-0.00087388,1.7501
4.8333,87.21,87.48,-0.00087384,1.7501
5,87.206,87.48,-0.00087381,1.7501
5.1667,87.205,87.48,-0.00087379,1.7501
5.3333,87.201,87.48,-0.00087375,1.7501
5.5,87.197,87.48,-0.00087372,1.7501
5.6667,87.196,87.48,-0.0008737,1.7501
5.8333,87.192,87.48,-0.00087366,1.7501
6,87.189,87.48,-0.00087363,1.7501
6.1667,87.187,87.48,-0.00087361,1.7501
6.3333,87.183,87.48,-0.00087358,1.7501
6.5,87.18,87.48,-0.00087354,1.7501
6.6667,87.178,87.48,-0.00087352,1.7501
6.8333,87.178,87.48,-0.00087349,1.7501
7,442.29,87.48,2.6913,1.7501
7.1667,442.29,87.48,3.8718,1.7501
7.3333,374.37,87.48,5.8916,1.7501
7.5,304.31,87.48,7.445,1.7501
7.6667,268.61,87.48,8.0431,1.7501
7.8333,196.1,87.48,8.8761,1.7501
8,122.46,87.48,9.2055,1.7501
8.1667,85.354,87.48,9.2055,1.7501
8.3333,10.823,87.48,8.8059,1.7501
8.5,-63.778,87.48,7.9101,1.7501
8.6667,-100.97,87.48,7.2769,1.7501
8.8333,-174.88,87.48,5.6425,1.7501
9,-247.81,87.48,3.5235,1.7501
9.1667,-247.81,87.48,2.2851,1.7501
9.3333,-191.05,87.48,0.0019143,1.7501
9.5,87.167,87.48,-0.00087342,1.7501
9.6667,87.167,87.48,-0.00087342,1.7501
9.8333,87.164,87.48,-0.00087339,1.7501
10,87.161,87.48,-0.00087335,1.7501
10.167,87.159,87.48,-0.00087333,1.7501
10.333,87.155,87.48,-0.0008733,1.7501
10.5,87.152,87.48,-0.00087326,1.7501
10.667,87.15,87.48,-0.00087324,1.7501
10.833,87.147,87.48,-0.00087321,1.7501
11,87.143,87.48,-0.00087317,1.7501
11.167,87.141,87.48,-0.00087316,1.7501
11.333,87.138,87.48,-0.00087312,1.7501
11.5,87.134,87.48,-0.00087308,1.7501
11.667,87.132,87.48,-0.00087307,1.7501
11.833,87.129,87.48,-0.00087303,1.7501
12,87.125,87.48,-0.00087299,1.7501
12.167,87.123,87.48,-0.00087298,1.7501
12.333,87.12,87.48,-0.00087294,1.7501
12.5,87.116,87.48,-0.00087291,1.7501
12.667,87.114,87.48,-0.00087289,1.7501
12.833,87.111,87.48,-0.00087285,1.7501
13,87.107,87.48,-0.00087282,1.7501
13.167,87.106,87.48,-0.0008728,1.7501
13.333,87.102,87.48,-0.00087276,1.7501
13.5,87.098,87.48,-0.00087273,1.7501
13.667,87.097,87.48,-0.00087271,1.7501
13.833,87.093,87.48,-0.00087267,1.7501
14,87.09,87.48,-0.00087264,1.7501
14.167,87.088,87.48,-0.00087262,1.7501
14.333,87.084,87.48,-0.00087258,1.7501
14.5,87.081,87.48,-0.00087255,1.7501
14.667,87.079,87.48,-0.00087253,1.7501
14.833,87.075,87.48,-0.00087249,1.7501
15,87.072,87.48,-0.00087246,1.7501
15.167,87.072,87.48,-0.00087244,1.7501
15.333,419.91,87.48,1.3285,1.7501
15.5,419.91,87.48,3.6538,1.7501
15.667,385.85,87.48,4.6459,1.7501
15.833,316.12,87.48,6.2802,1.7501
16,244.59,87.48,7.4382,1.7501
16.167,208.27,87.48,7.8357,1.7501
16.333,134.8,87.48,8.1966,1.7501
16.5,60.546,87.48,8.1966,1.7501
16.667,23.263,87.48,7.9773,1.7501
16.833,-51.356,87.48,7.1664,1.7501
17,-125.69,87.48,5.8613,1.7501
17.167,-162.62,87.48,5.0249,1.7501
17.333,-235.74,87.48,2.9883,1.7501
17.5,-235.74,87.48,0.47481,1.7501
17.667,-55.214,87.48,0.00055325,1.7501
17.833,87.056,87.48,-0.0008723,1.7501
18,87.056,87.48,-0.0008723,1.7501
18.167,87.054,87.48,-0.00087228,1.7501
18.333,87.05,87.48,-0.00087224,1.7501
18.5,87.047,87.48,-0.00087221,1.7501
18.667,87.045,87.48,-0.00087219,1.7501
18.833,87.041,87.48,-0.00087215,1.7501
19,87.038,87.48,-0.00087212,1.7501
19.167,87.036,87.48,-0.0008721,1.7501
19.333,87.032,87.48,-0.00087206,1.7501
19.5,87.029,87.48,-0.00087203,1.7501
19.667,87.027,87.48,-0.00087201,1.7501
19.833,87.024,87.48,-0.00087198,1.7501
20,87.02,87.48,-0.00087194,1.7501
20.167,87.018,87.48,-0.00087192,1.7501
20.333,87.015,87.48,-0.00087189,1.7501
20.5,87.011,87.48,-0.00087185,1.7501
20.667,87.009,87.48,-0.00087183,1.7501
20.833,87.006,87.48,-0.0008718,1.7501
21,87.002,87.48,-0.00087176,1.7501
21.167,87,87.48,-0.00087174,1.7501
21.333,86.997,87.48,-0.00087171,1.7501
21.5,86.993,87.48,-0.00087167,1.7501
21.667,86.991,87.48,-0.00087165,1.7501
21.833,86.988,87.48,-0.00087162,1.7501
22,86.984,87.48,-0.00087158,1.7501
22.167,86.983,87.48,-0.00087157,1.7501
22.333,86.979,87.48,-0.00087153,1.7501
22.5,86.975,87.48,-0.00087149,1.7501
22.667,86.974,87.48,-0.00087148,1.7501
22.833,86.97,87.48,-0.00087144,1.7501
23,86.967,87.48,-0.00087141,1.7501
23.167,86.965,87.48,-0.00087139,1.7501
23.333,86.961,87.48,-0.00087135,1.7501
23.5,86.961,87.48,-0.00087132,1.7501
23.667,431.14,87.48,1.3648,1.7501
23.833,431.14,87.48,3.7648,1.7501
24,362.83,87.48,5.71,1.7501
24.167,327.88,87.48,6.5077,1.7501
24.333,256.62,87.48,7.7458,1.7501
24.5,183.89,87.48,8.4999,1.7501
24.667,147.11,87.48,8.6931,1.7501
24.833,72.956,87.48,8.6931,1.7501
25,-1.6165,87.48,8.229,1.7501
25.167,-38.929,87.48,7.8028,1.7501
25.333,-113.34,87.48,6.5798,1.7501
25.5,-187.12,87.48,4.8663,1.7501
25.667,-223.64,87.48,3.8278,1.7501
25.833,-223.64,87.48,1.393,1.7501
26,85.704,87.48,-0.00085875,1.7501
26.167,86.948,87.48,-0.00087122,1.7501
26.333,86.948,87.48,-0.00087122,1.7501
26.5,86.945,87.48,-0.00087119,1.7501
26.667,86.943,87.48,-0.00087117,1.7501
26.833,86.939,87.48,-0.00087113,1.7501
27,86.936,87.48,-0.0008711,1.7501
27.167,86.934,87.48,-0.00087108,1.7501
27.333,86.931,87.48,-0.00087104,1.7501
27.5,86.927,87.48,-0.00087101,1.7501
27.667,86.925,87.48,-0.00087099,1.7501
27.833,86.922,87.48,-0.00087096,1.7501
28,86.918,87.48,-0.00087092,1.7501
28.167,86.916,87.48,-0.0008709,1.7501
28.333,86.913,87.48,-0.00087087,1.7501
28.5,86.909,87.48,-0.00087083,1.7501
28.667,86.907,87.48,-0.00087081,1.7501
28.833,86.904,87.48,-0.00087078,1.7501
29,86.9,87.48,-0.00087074,1.7501
29.167,86.899,87.48,-0.00087072,1.7501
29.333,86.895,87.48,-0.00087069,1.7501
29.5,86.891,87.48,-0.00087065,1.7501
29.667,86.89,87.48,-0.00087063,1.7501
29.833,86.886,87.48,-0.0008706,1.7501
30,86.883,87.48,-0.00087056,1.7501
30.167,86.881,87.48,-0.00087055,1.7501
30.333,86.877,87.48,-0.00087051,1.7501
30.5,86.874,87.48,-0.00087047,1.7501
30.667,86.872,87.48,-0.00087046,1.7501
30.833,86.868,87.48,-0.00087042,1.7501
31,86.865,87.48,-0.00087039,1.7501
31.167,86.863,87.48,-0.00087037,1.7501
31.333,86.86,87.48,-0.00087033,1.7501
31.5,86.856,87.48,-0.0008703,1.7501
31.667,86.854,87.48,-0.00087028,1.7501
31.833,86.854,87.48,-0.00087024,1.7501
32,442.29,87.48,2.6935,1.7501
32.167,442.29,87.48,3.8751,1.7501
32.333,374.37,87.48,5.897,1.7501
32.5,304.31,87.48,7.4525,1.7501
32.667,268.61,87.48,8.0517,1.7501
32.833,196.1,87.48,8.8869,1.7501
33,122.46,87.48,9.2194,1.7501
33.167,85.354,87.48,9.2194,1.7501
33.333,10.823,87.48,8.8219,1.7501
33.5,-63.778,87.48,7.9283,1.7501
33.667,-100.97,87.48,7.2962,1.7501
33.833,-174.88,87.48,5.6639,1.7501
34,-247.81,87.48,3.547,1.7501
34.167,-247.81,87.48,2.3097,1.7501
34.333,-199.03,87.48,0.0019943,1.7501
34.5,86.844,87.48,-0.00087018,1.7501
34.667,86.844,87.48,-0.00087018,1.7501
34.833,86.841,87.48,-0.00087015,1.7501
35,86.838,87.48,-0.00087011,1.7501
35.167,86.836,87.48,-0.0008701,1.7501
35.333,86.832,87.48,-0.00087006,1.7501
35.5,86.829,87.48,-0.00087002,1.7501
35.667,86.827,87.48,-0.00087001,1.7501
35.833,86.823,87.48,-0.00086997,1.7501
36,86.82,87.48,-0.00086994,1.7501
36.167,86.818,87.48,-0.00086992,1.7501
36.333,86.815,87.48,-0.00086988,1.7501
36.5,86.811,87.48,-0.00086985,1.7501
36.667,86.809,87.48,-0.00086983,1.7501
36.833,86.806,87.48,-0.00086979,1.7501
37,86.802,87.48,-0.00086976,1.7501
37.167,86.8,87.48,-0.00086974,1.7501
37.333,86.797,87.48,-0.0008697,1.7501
37.5,86.793,87.48,-0.00086967,1.7501
37.667,86.792,87.48,-0.00086965,1.7501
37.833,86.788,87.48,-0.00086962,1.7501
38,86.784,87.48,-0.00086958,1.7501
38.167,86.783,87.48,-0.00086956,1.7501
38.333,86.779,87.48,-0.00086953,1.7501
38.5,86.776,87.48,-0.00086949,1.7501
38.667,86.774,87.48,-0.00086947,1.7501
38.833,86.77,87.48,-0.00086944,1.7501
39,86.767,87.48,-0.0008694,1.7501
39.167,86.765,87.48,-0.00086939,1.7501
39.333,86.761,87.48,-0.00086935,1.7501
39.5,86.758,87.48,-0.00086931,1.7501
39.667,86.756,87.48,-0.0008693,1.7501
39.833,86.753,87.48,-0.00086926,1.7501
40,86.749,87.48,-0.00086923,1.7501
40.167,86.749,87.48,-0.00086921,1.7501
40.333,419.91,87.48,1.3295,1.7501
40.5,419.91,87.48,3.6571,1.7501
40.667,385.85,87.48,4.6502,1.7501
40.833,316.12,87.48,6.2866,1.7501
41,244.59,87.48,7.4468,1.7501
41.167,208.27,87.48,7.8454,1.7501
41.333,134.8,87.48,8.2105,1.7501
41.5,60.546,87.48,8.2105,1.7501
41.667,23.263,87.48,7.9922,1.7501
41.833,-51.356,87.48,7.1835,1.7501
42,-125.69,87.48,5.8805,1.7501
42.167,-162.62,87.48,5.0451,1.7501
42.333,-235.74,87.48,3.0107,1.7501
42.5,-235.74,87.48,0.49929,1.7501
42.667,-62.858,87.48,0.00062984,1.7501
42.833,86.733,87.48,-0.00086907,1.7501
43,86.733,87.48,-0.00086907,1.7501
43.167,86.731,87.48,-0.00086905,1.7501
43.333,86.728,87.48,-0.00086901,1.7501
43.5,86.724,87.48,-0.00086898,1.7501
43.667,86.723,87.48,-0.00086896,1.7501
43.833,86.719,87.48,-0.00086893,1.7501
44,86.716,87.48,-0.00086889,1.7501
44.167,86.714,87.48,-0.00086887,1.7501
44.333,86.71,87.48,-0.00086884,1.7501
44.5,86.707,87.48,-0.0008688,1.7501
44.667,86.705,87.48,-0.00086878,1.7501
44.833,86.701,87.48,-0.00086875,1.7501
45,86.698,87.48,-0.00086871,1.7501
45.167,86.696,87.48,-0.00086869,1.7501
45.333,86.693,87.48,-0.00086866,1.7501
45.5,86.689,87.48,-0.00086862,1.7501
45.667,86.687,87.48,-0.00086861,1.7501
45.833,86.684,87.48,-0.00086857,1.7501
46,86.68,87.48,-0.00086854,1.7501
46.167,86.678,87.48,-0.00086852,1.7501
46.333,86.675,87.48,-0.00086848,1.7501
46.5,86.671,87.48,-0.00086845,1.7501
46.667,86.67,87.48,-0.00086843,1.7501
46.833,86.666,87.48,-0.00086839,1.7501
47,86.662,87.48,-0.00086836,1.7501
47.167,86.661,87.48,-0.00086834,1.7501
47.333,86.657,87.48,-0.0008683,1.7501
47.5,86.654,87.48,-0.00086827,1.7501
47.667,86.652,87.48,-0.00086825,1.7501
47.833,86.648,87.48,-0.00086822,1.7501
48,86.645,87.48,-0.00086818,1.7501
48.167,86.643,87.48,-0.00086816,1.7501
48.333,86.639,87.48,-0.00086813,1.7501
48.5,86.639,87.48,-0.00086809,1.7501
48.667,431.14,87.48,1.3658,1.7501
48.833,431.14,87.48,3.768,1.7501
49,362.83,87.48,5.7154,1.7501
49.167,327.88,87.48,6.5141,1.7501
49.333,256.62,87.48,7.7543,1.7501
49.5,183.89,87.48,8.5105,1.7501
49.667,147.11,87.48,8.7049,1.7501
49.833,72.956,87.48,8.7049,1.7501
50,-1.6165,87.48,8.2449,1.7501
50.167,-38.929,87.48,7.8199,1.7501
50.333,-113.34,87.48,6.5989,1.7501
50.5,-187.12,87.48,4.8876,1.7501
50.667,-223.64,87.48,3.8501,1.7501
50.833,-223.64,87.48,1.4174,1.7501
51,78.898,87.48,-0.00079056,1.7501
51.167,86.607,87.48,-0.0008678,1.7501
51.333,86.623,87.48,-0.00086797,1.7501
51.5,86.623,87.48,-0.00086797,1.7501
51.667,86.622,87.48,-0.00086795,1.7501
51.833,86.618,87.48,-0.00086791,1.7501
52,86.615,87.48,-0.00086788,1.7501
52.167,86.613,87.48,-0.00086786,1.7501
52.333,86.609,87.48,-0.00086782,1.7501
52.5,86.606,87.48,-0.00086779,1.7501
52.667,86.604,87.48,-0.00086777,1.7501
52.833,86.6,87.48,-0.00086774,1.7501
53,86.597,87.48,-0.0008677,1.7501
53.167,86.595,87.48,-0.00086768,1.7501
53.333,86.592,87.48,-0.00086765,1.7501
53.5,86.588,87.48,-0.00086761,1.7501
53.667,86.586,87.48,-0.00086759,1.7501
53.833,86.583,87.48,-0.00086756,1.7501
54,86.579,87.48,-0.00086752,1.7501
54.167,86.577,87.48,-0.00086751,1.7501
54.333,86.574,87.48,-0.00086747,1.7501
54.5,86.57,87.48,-0.00086744,1.7501
54.667,86.569,87.48,-0.00086742,1.7501
54.833,86.565,87.48,-0.00086738,1.7501
55,86.562,87.48,-0.00086735,1.7501
55.167,86.56,87.48,-0.00086733,1.7501
55.333,86.556,87.48,-0.00086729,1.7501
55.5,86.553,87.48,-0.00086726,1.7501
55.667,86.551,87.48,-0.00086724,1.7501
55.833,86.547,87.48,-0.00086721,1.7501
56,86.544,87.48,-0.00086717,1.7501
56.167,86.542,87.48,-0.00086715,1.7501
56.333,86.539,87.48,-0.00086712,1.7501
56.5,86.535,87.48,-0.00086708,1.7501
56.667,86.533,87.48,-0.00086706,1.7501
56.833,86.533,87.48,-0.00086703,1.7501
57,442.29,87.48,2.6956,1.7501
57.167,442.29,87.48,3.8783,1.7501
57.333,374.37,87.48,5.9023,1.7501
57.5,304.31,87.48,7.46,1.7501
57.667,268.61,87.48,8.0602,1.7501
57.833,196.1,87.48,8.8975,1.7501
58,122.46,87.48,9.2332,1.7501
58.167,85.354,87.48,9.2332,1.7501
58.333,10.823,87.48,8.8379,1.7501
58.5,-63.779,87.48,7.9464,1.7501
58.667,-100.97,87.48,7.3153,1.7501
58.833,-174.88,87.48,5.6851,1.7501
59,-247.81,87.48,3.5703,1.7501
59.167,-247.81,87.48,2.334,1.7501
59.333,-206.94,87.48,0.0020736,1.7501
59.5,86.523,87.48,-0.00086696,1.7501
59.667,86.523,87.48,-0.00086696,1.7501
59.833,86.521,87.48,-0.00086694,1.7501
60,86.517,87.48,-0.0008669,1.7501
60.167,86.515,87.48,-0.00086688,1.7501
60.333,86.512,87.48,-0.00086685,1.7501
60.5,86.508,87.48,-0.00086681,1.7501
60.667,86.507,87.48,-0.0008668,1.7501
60.833,86.503,87.48,-0.00086676,1.7501
61,86.5,87.48,-0.00086673,1.7501
61.167,86.498,87.48,-0.00086671,1.7501
61.333,86.494,87.48,-0.00086667,1.7501
61.5,86.491,87.48,-0.00086664,1.7501
61.667,86.489,87.48,-0.00086662,1.7501
61.833,86.485,87.48,-0.00086658,1.7501
62,86.482,87.48,-0.00086655,1.7501
62.167,86.48,87.48,-0.00086653,1.7501
62.333,86.477,87.48,-0.0008665,1.7501
62.5,86.473,87.48,-0.00086646,1.7501
62.667,86.471,87.48,-0.00086644,1.7501
62.833,86.468,87.48,-0.00086641,1.7501
63,86.464,87.48,-0.00086637,1.7501
63.167,86.463,87.48,-0.00086635,1.7501
63.333,86.459,87.48,-0.00086632,1.7501
63.5,86.456,87.48,-0.00086628,1.7501
63.667,86.454,87.48,-0.00086627,1.7501
63.833,86.45,87.48,-0.00086623,1.7501
64,86.447,87.48,-0.0008662,1.7501
64.167,86.445,87.48,-0.00086618,1.7501
64.333,86.441,87.48,-0.00086614,1.7501
64.5,86.438,87.48,-0.00086611,1.7501
64.667,86.436,87.48,-0.00086609,1.7501
64.833,86.433,87.48,-0.00086605,1.7501
65,86.429,87.48,-0.00086602,1.7501
65.167,86.429,87.48,-0.000866,1.7501
65.333,419.91,87.48,2.7678,1.7501
65.5,419.91,87.48,5.0951,1.7501
65.667,385.85,87.48,6.0881,1.7501
65.833,316.12,87.48,7.7242,1.7501
66,244.59,87.48,8.8841,1.7501
66.167,208.27,87.48,9.2825,1.7501
66.333,134.79,87.48,9.647,1.7501
66.5,60.543,87.48,9.647,1.7501
66.667,23.26,87.48,9.4285,1.7501
