-0.16667,0,607.61,152.74,152.28
0,-1.9055,607.61,152.74,152.28
0.16667,-39.214,607.61,150.58,152.28
0.33333,-113.62,607.61,145.9,152.28
0.5,-187.39,607.61,140.73,152.28
0.66667,-187.39,607.61,137.97,152.28
0.83333,292.2,607.61,135.77,152.28
1,362.58,607.61,134.04,152.28
1.1667,397.01,607.61,133.35,152.28
1.3333,464.13,607.61,132.31,152.28
1.5,528.61,607.61,131.71,152.28
1.6667,559.73,607.61,131.57,152.28
1.8333,619.55,607.61,131.57,152.28
2,675.84,607.61,131.96,152.28
2.1667,702.56,607.61,132.29,152.28
2.3333,752.95,607.61,133.21,152.28
2.5,799.06,607.61,134.43,152.28
2.6667,820.42,607.61,135.16,152.28
2.8333,859.61,607.61,136.79,152.28
3,893.9,607.61,138.67,152.28
3.1667,909.15,607.61,139.68,152.28
3.3333,935.74,607.61,141.84,152.28
3.5,957.01,607.61,144.14,152.28
3.6667,965.6,607.61,145.34,152.28
3.8333,978.66,607.61,147.8,152.28
4,986.15,607.61,150.31,152.28
4.1667,986.84,607.61,151.58,152.28
4.3333,986.84,607.61,154.1,152.28
4.5,980.28,607.61,156.59,152.28
4.6667,974.9,607.61,157.81,152.28
4.8333,960,607.61,160.16,152.28
5,939.62,607.61,162.39,152.28
5.1667,927.42,607.61,163.45,152.28
5.3333,899.07,607.61,165.41,152.28
5.5,865.61,607.61,167.16,152.28
5.6667,847.02,607.61,167.94,152.28
5.8333,806.24,607.61,169.31,152.28
6,760.87,607.61,170.37,152.28
6.1667,736.54,607.61,170.78,152.28
6.3333,684.77,607.61,171.35,152.28
6.5,629.11,607.61,171.5,152.28
6.6667,599.91,607.61,171.5,152.28
6.8333,538.99,607.61,171.11,152.28
7,475,607.61,170.3,152.28
7.1667,441.96,607.61,169.73,152.28
7.3333,374.04,607.61,168.25,152.28
7.5,303.99,607.61,166.32,152.28
7.6667,268.29,607.61,165.17,152.28
7.8333,195.79,607.61,162.52,152.28
8,122.16,607.61,159.39,152.28
8.1667,85.057,607.61,157.64,152.28
8.3333,10.533,607.61,153.78,152.28
8.5,-64.061,607.61,149.42,152.28
8.6667,-101.25,607.61,147.06,152.28
8.8333,-101.25,607.61,141.97,152.28
9,244.33,607.61,138.05,152.28
9.1667,280.3,607.61,136.96,152.28
9.3333,350.98,607.61,135.16,152.28
9.5,419.65,607.61,133.82,152.28
9.6667,453.12,607.61,133.31,152.28
9.8333,518.06,607.61,132.64,152.28
10,580.04,607.61,132.4,152.28
10.167,609.82,607.61,132.4,152.28
10.333,666.71,607.61,132.73,152.28
10.5,719.81,607.61,133.42,152.28
10.667,744.84,607.61,133.89,152.28
10.833,791.68,607.61,135.06,152.28
11,834.01,607.61,136.52,152.28
11.167,853.41,607.61,137.35,152.28
11.333,888.53,607.61,139.19,152.28
11.5,918.6,607.61,141.23,152.28
11.667,931.68,607.61,142.31,152.28
11.833,953.84,607.61,144.6,152.28
12,970.57,607.61,146.99,152.28
12.167,976.87,607.61,148.23,152.28
12.333,985.29,607.61,150.73,152.28
12.5,987.39,607.61,153.26,152.28
12.667,987.39,607.61,154.52,152.28
12.833,981.76,607.61,157.02,152.28
13,970.55,607.61,159.44,152.28
13.167,962.86,607.61,160.61,152.28
13.333,943.39,607.61,162.87,152.28
13.5,918.55,607.61,164.96,152.28
13.667,904.16,607.61,165.93,152.28
13.833,871.53,607.61,167.72,152.28
14,833.95,607.61,169.26,152.28
14.167,813.36,607.61,169.93,152.28
14.333,768.74,607.61,171.04,152.28
14.5,719.74,607.61,171.83,152.28
14.667,693.68,607.61,172.1,152.28
14.833,638.64,607.61,172.24,152.28
15,579.96,607.61,172.24,152.28
15.167,549.36,607.61,172.03,152.28
15.333,485.86,607.61,171.28,152.28
15.5,419.58,607.61,170.11,152.28
15.667,385.52,607.61,169.35,152.28
15.833,315.8,607.61,167.49,152.28
16,244.27,607.61,165.16,152.28
16.167,207.96,607.61,163.81,152.28
16.333,134.49,607.61,160.76,152.28
16.5,60.248,607.61,157.22,152.28
16.667,22.968,607.61,155.26,152.28
16.833,-51.644,607.61,150.99,152.28
17,-125.97,607.61,146.22,152.28
17.167,-162.9,607.61,143.66,152.28
17.333,-162.9,607.61,138.17,152.28
17.5,304.05,607.61,136.05,152.28
17.667,339.33,607.61,135.17,152.28
17.833,408.36,607.61,133.75,152.28
18,475.07,607.61,132.78,152.28
18.167,507.43,607.61,132.46,152.28
18.333,569.93,607.61,132.21,152.28
18.5,629.19,607.61,132.21,152.28
18.667,657.49,607.61,132.39,152.28
18.833,711.24,607.61,133.02,152.28
19,760.94,607.61,133.99,152.28
19.167,784.18,607.61,134.59,152.28
19.333,827.28,607.61,136,152.28
19.5,865.67,607.61,137.68,152.28
19.667,883.03,607.61,138.61,152.28
19.833,913.95,607.61,140.62,152.28
20,939.66,607.61,142.8,152.28
20.167,950.52,607.61,143.95,152.28
20.333,968.16,607.61,146.33,152.28
20.5,980.3,607.61,148.8,152.28
20.667,984.27,607.61,150.06,152.28
20.833,986.14,607.61,152.58,152.28
21,986.14,607.61,155.1,152.28
21.167,983.09,607.61,156.35,152.28
21.333,972.8,607.61,158.79,152.28
21.5,956.98,607.61,161.13,152.28
21.667,947.01,607.61,162.25,152.28
21.833,923.06,607.61,164.37,152.28
22,893.85,607.61,166.3,152.28
22.167,877.32,607.61,167.18,152.28
22.333,840.55,607.61,168.77,152.28
22.5,798.99,607.61,170.08,152.28
22.667,776.48,607.61,170.63,152.28
22.833,728.2,607.61,171.47,152.28
23,675.76,607.61,171.98,152.28
23.167,648.08,607.61,172.04,152.28
23.333,589.98,607.61,172.04,152.28
23.5,528.53,607.61,171.58,152.28
23.667,496.64,607.61,171.19,152.28
23.833,430.8,607.61,170.08,152.28
24,362.51,607.61,168.53,152.28
24.167,327.56,607.61,167.58,152.28
24.333,256.3,607.61,165.33,152.28
24.5,183.58,607.61,162.6,152.28
24.667,146.8,607.61,161.05,152.28
24.833,72.658,607.61,157.6,152.28
25,-1.9073,607.61,153.65,152.28
25.167,-39.216,607.61,151.49,152.28
25.333,-113.62,607.61,146.8,152.28
25.5,-187.39,607.61,141.64,152.28
25.667,-187.39,607.61,138.87,152.28
25.833,292.2,607.61,136.67,152.28
26,362.57,607.61,134.94,152.28
26.167,397.01,607.61,134.25,152.28
26.333,464.13,607.61,133.21,152.28
26.5,528.6,607.61,132.61,152.28
26.667,559.73,607.61,132.47,152.28
26.833,619.55,607.61,132.47,152.28
27,675.84,607.61,132.86,152.28
27.167,702.55,607.61,133.19,152.28
27.333,752.95,607.61,134.1,152.28
27.5,799.06,607.61,135.32,152.28
27.667,820.42,607.61,136.04,152.28
27.833,859.61,607.61,137.68,152.28
28,893.9,607.61,139.55,152.28
28.167,909.15,607.61,140.56,152.28
28.333,935.74,607.61,142.72,152.28
28.5,957.01,607.61,145.02,152.28
28.667,965.6,607.61,146.22,152.28
28.833,978.66,607.61,148.68,152.28
29,986.14,607.61,151.19,152.28
29.167,986.84,607.61,152.45,152.28
29.333,986.84,607.61,154.98,152.28
29.5,980.28,607.61,157.46,152.28
29.667,974.9,607.61,158.68,152.28
29.833,959.99,607.61,161.04,152.28
30,939.62,607.61,163.26,152.28
30.167,927.42,607.61,164.32,152.28
30.333,899.07,607.61,166.28,152.28
30.5,865.61,607.61,168.03,152.28
30.667,847.01,607.61,168.81,152.28
30.833,806.24,607.61,170.17,152.28
31,760.87,607.61,171.23,152.28
31.167,736.54,607.61,171.64,152.28
31.333,684.77,607.61,172.21,152.28
31.5,629.1,607.61,172.36,152.28
31.667,599.91,607.61,172.36,152.28
31.833,538.99,607.61,171.97,152.28
32,474.99,607.61,171.15,152.28
32.167,441.96,607.61,170.58,152.28
32.333,374.04,607.61,169.1,152.28
32.5,303.99,607.61,167.17,152.28
32.667,268.29,607.61,166.02,152.28
32.833,195.79,607.61,163.37,152.28
33,122.16,607.61,160.24,152.28
33.167,85.056,607.61,158.49,152.28
33.333,10.531,607.61,154.62,152.28
33.5,-64.063,607.61,150.26,152.28
33.667,-101.25,607.61,147.9,152.28
33.833,-175.16,607.61,142.81,152.28
34,-175.16,607.61,137.24,152.28
34.167,280.3,607.61,136.16,152.28
34.333,350.98,607.61,134.36,152.28
34.5,419.66,607.61,133.02,152.28
34.667,453.12,607.61,132.52,152.28
34.833,518.06,607.61,131.84,152.28
35,580.04,607.61,131.6,152.28
35.167,609.82,607.61,131.6,152.28
35.333,666.72,607.61,131.93,152.28
35.5,719.81,607.61,132.62,152.28
35.667,744.84,607.61,133.09,152.28
35.833,791.68,607.61,134.27,152.28
36,834.01,607.61,135.73,152.28
36.167,853.41,607.61,136.56,152.28
36.333,888.53,607.61,138.4,152.28
36.5,918.6,607.61,140.44,152.28
36.667,931.68,607.61,141.53,152.28
36.833,953.84,607.61,143.81,152.28
37,970.57,607.61,146.21,152.28
37.167,976.87,607.61,147.44,152.28
37.333,985.29,607.61,149.95,152.28
37.5,987.39,607.61,152.48,152.28
37.667,987.39,607.61,153.74,152.28
37.833,981.76,607.61,156.24,152.28
38,970.55,607.61,158.66,152.28
38.167,962.86,607.61,159.84,152.28
38.333,943.39,607.61,162.09,152.28
38.5,918.55,607.61,164.18,152.28
38.667,904.16,607.61,165.16,152.28
38.833,871.53,607.61,166.94,152.28
39,833.95,607.61,168.49,152.28
39.167,813.36,607.61,169.15,152.28
39.333,768.74,607.61,170.27,152.28
39.5,719.74,607.61,171.06,152.28
39.667,693.68,607.61,171.33,152.28
39.833,638.64,607.61,171.47,152.28
40,579.96,607.61,171.47,152.28
40.167,549.36,607.61,171.26,152.28
40.333,485.86,607.61,170.52,152.28
40.5,419.58,607.61,169.34,152.28
40.667,385.52,607.61,168.58,152.28
40.833,315.8,607.61,166.73,152.28
41,244.27,607.61,164.4,152.28
41.167,207.96,607.61,163.05,152.28
41.333,134.49,607.61,160,152.28
41.5,60.25,607.61,156.46,152.28
41.667,22.97,607.61,154.51,152.28
41.833,-51.642,607.61,150.23,152.28
42,-125.97,607.61,145.47,152.28
42.167,-162.9,607.61,142.9,152.28
42.333,-162.9,607.61,137.42,152.28
42.5,304.06,607.61,135.3,152.28
42.667,339.33,607.61,134.41,152.28
42.833,408.37,607.61,133,152.28
43,475.07,607.61,132.03,152.28
43.167,507.43,607.61,131.71,152.28
43.333,569.93,607.61,131.46,152.28
43.5,629.19,607.61,131.46,152.28
43.667,657.49,607.61,131.64,152.28
43.833,711.24,607.61,132.27,152.28
44,760.94,607.61,133.24,152.28
44.167,784.18,607.61,133.84,152.28
44.333,827.28,607.61,135.26,152.28
44.5,865.67,607.61,136.94,152.28
44.667,883.03,607.61,137.87,152.28
44.833,913.95,607.61,139.88,152.28
45,939.66,607.61,142.06,152.28
45.167,950.52,607.61,143.21,152.28
45.333,968.17,607.61,145.6,152.28
45.5,980.3,607.61,148.07,152.28
45.667,984.27,607.61,149.32,152.28
45.833,986.14,607.61,151.85,152.28
46,986.14,607.61,154.37,152.28
46.167,983.09,607.61,155.62,152.28
46.333,972.8,607.61,158.06,152.28
46.5,956.98,607.61,160.4,152.28
46.667,947.01,607.61,161.52,152.28
46.833,923.06,607.61,163.64,152.28
47,893.85,607.61,165.57,152.28
47.167,877.32,607.61,166.46,152.28
47.333,840.55,607.61,168.04,152.28
47.5,798.99,607.61,169.36,152.28
47.667,776.49,607.61,169.9,152.28
47.833,728.2,607.61,170.75,152.28
48,675.76,607.61,171.26,152.28
48.167,648.08,607.61,171.32,152.28
48.333,589.98,607.61,171.32,152.28
48.5,528.53,607.61,170.86,152.28
48.667,496.65,607.61,170.47,152.28
48.833,430.81,607.61,169.37,152.28
49,362.51,607.61,167.82,152.28
49.167,327.56,607.61,166.87,152.28
49.333,256.3,607.61,164.62,152.28
49.5,183.58,607.61,161.89,152.28
49.667,146.8,607.61,160.35,152.28
49.833,72.66,607.61,156.89,152.28
50,-1.9059,607.61,152.94,152.28
50.167,-39.215,607.61,150.78,152.28
50.333,-113.62,607.61,146.1,152.28
50.5,-187.39,607.61,140.93,152.28
50.667,-187.39,607.61,138.17,152.28
50.833,292.2,607.61,135.97,152.28
51,362.57,607.61,134.24,152.28
51.167,397.01,607.61,133.55,152.28
51.333,464.13,607.61,132.51,152.28
51.5,528.6,607.61,131.91,152.28
51.667,559.73,607.61,131.77,152.28
51.833,619.55,607.61,131.77,152.28
52,675.84,607.61,132.16,152.28
52.167,702.56,607.61,132.49,152.28
52.333,752.95,607.61,133.41,152.28
52.5,799.06,607.61,134.63,152.28
52.667,820.42,607.61,135.35,152.28
52.833,859.61,607.61,136.99,152.28
53,893.9,607.61,138.86,152.28
53.167,909.15,607.61,139.88,152.28
53.333,935.74,607.61,142.03,152.28
53.5,957.01,607.61,144.34,152.28
53.667,965.6,607.61,145.54,152.28
53.833,978.66,607.61,147.99,152.28
54,986.15,607.61,150.51,152.28
54.167,986.84,607.61,151.77,152.28
54.333,986.84,607.61,154.3,152.28
54.5,980.28,607.61,156.78,152.28
54.667,974.9,607.61,158,152.28
54.833,959.99,607.61,160.36,152.28
55,939.62,607.61,162.59,152.28
55.167,927.42,607.61,163.64,152.28
55.333,899.07,607.61,165.61,152.28
55.5,865.61,607.61,167.35,152.28
55.667,847.02,607.61,168.14,152.28
55.833,806.24,607.61,169.5,152.28
56,760.87,607.61,170.56,152.28
56.167,736.54,607.61,170.97,152.28
56.333,684.77,607.61,171.54,152.28
56.5,629.11,607.61,171.69,152.28
56.667,599.91,607.61,171.69,152.28
56.833,538.99,607.61,171.3,152.28
57,475,607.61,170.49,152.28
57.167,441.96,607.61,169.92,152.28
57.333,374.04,607.61,168.44,152.28
57.5,303.99,607.61,166.51,152.28
57.667,268.29,607.61,165.36,152.28
57.833,195.79,607.61,162.71,152.28
58,122.16,607.61,159.58,152.28
58.167,85.057,607.61,157.83,152.28
58.333,10.532,607.61,153.96,152.28
58.5,-64.062,607.61,149.61,152.28
58.667,-101.25,607.61,147.24,152.28
58.833,-101.25,607.61,142.16,152.28
59,244.33,607.61,138.23,152.28
59.167,280.29,607.61,137.15,152.28
59.333,350.98,607.61,135.34,152.28
59.5,419.65,607.61,134,152.28
59.667,453.12,607.61,133.5,152.28
59.833,518.06,607.61,132.82,152.28
60,580.04,607.61,132.59,152.28
60.167,609.82,607.61,132.59,152.28
60.333,666.71,607.61,132.91,152.28
60.5,719.81,607.61,133.6,152.28
60.667,744.84,607.61,134.07,152.28
60.833,791.68,607.61,135.24,152.28
61,834.01,607.61,136.71,152.28
61.167,853.41,607.61,137.54,152.28
61.333,888.53,607.61,139.37,152.28
61.5,918.6,607.61,141.41,152.28
61.667,931.68,607.61,142.49,152.28
61.833,953.84,607.61,144.78,152.28
62,970.57,607.61,147.17,152.28
62.167,976.87,607.61,148.41,152.28
62.333,985.29,607.61,150.91,152.28
62.5,987.39,607.61,153.44,152.28
62.667,987.39,607.61,154.7,152.28
62.833,981.76,607.61,157.19,152.28
63,970.55,607.61,159.62,152.28
63.167,962.86,607.61,160.79,152.28
63.333,943.39,607.61,163.04,152.28
63.5,918.55,607.61,165.14,152.28
63.667,904.16,607.61,166.11,152.28
63.833,871.53,607.61,167.9,152.28
64,833.95,607.61,169.44,152.28
64.167,813.36,607.61,170.1,152.28
64.333,768.74,607.61,171.22,152.28
64.5,719.73,607.61,172.01,152.28
64.667,693.68,607.61,172.28,152.28
64.833,638.64,607.61,172.42,152.28
65,579.96,607.61,172.42,152.28
65.167,549.36,607.61,172.2,152.28
65.333,485.86,607.61,171.46,152.28
65.5,419.58,607.61,170.28,152.28
65.667,385.52,607.61,169.52,152.28
65.833,315.8,607.61,167.66,152.28
66,244.27,607.61,165.33,152.28
66.167,207.96,607.61,163.99,152.28
66.333,134.49,607.61,160.93,152.28
66.5,60.248,607.61,157.39,152.28
