-0.16667,0,123.67,17.728,5.1297
0,-1.6355,123.67,17.728,5.1297
0.16667,-38.948,123.67,17.171,5.1297
0.33333,-113.36,123.67,15.685,5.1297
0.5,-187.13,123.67,13.709,5.1297
0.66667,-223.65,123.67,12.539,5.1297
0.83333,-295.69,123.67,9.8429,5.1297
1,-366.06,123.67,6.6793,5.1297
1.1667,-400.49,123.67,4.9267,5.1297
1.3333,-400.49,123.67,1.0896,5.1297
1.5,123.08,123.67,-0.0012333,5.1297
1.6667,124.05,123.67,-0.001243,5.1297
1.8333,124.05,123.67,-0.001243,5.1297
2,124.05,123.67,-0.0012429,5.1297
2.1667,124.04,123.67,-0.0012429,5.1297
2.3333,124.04,123.67,-0.0012428,5.1297
2.5,124.03,123.67,-0.0012428,5.1297
2.6667,124.03,123.67,-0.0012427,5.1297
2.8333,124.02,123.67,-0.0012427,5.1297
3,124.01,123.67,-0.0012426,5.1297
3.1667,124.01,123.67,-0.0012426,5.1297
3.3333,124.01,123.67,-0.0012425,5.1297
3.5,124,123.67,-0.0012425,5.1297
3.6667,124,123.67,-0.0012424,5.1297
3.8333,123.99,123.67,-0.0012424,5.1297
4,123.98,123.67,-0.0012423,5.1297
4.1667,123.98,123.67,-0.0012423,5.1297
4.3333,123.97,123.67,-0.0012422,5.1297
4.5,123.97,123.67,-0.0012422,5.1297
4.6667,123.97,123.67,-0.0012421,5.1297
4.8333,123.96,123.67,-0.0012421,5.1297
5,123.95,123.67,-0.001242,5.1297
5.1667,123.95,123.67,-0.001242,5.1297
5.3333,123.94,123.67,-0.0012419,5.1297
5.5,123.94,123.67,-0.0012419,5.1297
5.6667,123.93,123.67,-0.0012418,5.1297
5.8333,123.93,123.67,-0.0012418,5.1297
6,123.92,123.67,-0.0012417,5.1297
6.1667,123.92,123.67,-0.0012417,5.1297
6.3333,629.44,123.67,1.8679,5.1297
6.5,629.44,123.67,5.3249,5.1297
6.6667,600.24,123.67,6.9069,5.1297
6.8333,539.31,123.67,9.764,5.1297
7,475.31,123.67,12.195,5.1297
7.1667,442.27,123.67,13.245,5.1297
7.3333,374.35,123.67,15.005,5.1297
7.5,304.29,123.67,16.298,5.1297
7.6667,268.59,123.67,16.767,5.1297
7.8333,196.08,123.67,17.34,5.1297
8,122.45,123.67,17.34,5.1297
8.1667,85.338,123.67,17.281,5.1297
8.3333,10.807,123.67,16.624,5.1297
8.5,-63.794,123.67,15.47,5.1297
8.6667,-100.99,123.67,14.708,5.1297
8.8333,-174.9,123.67,12.816,5.1297
9,-247.82,123.67,10.441,5.1297
9.1667,-283.79,123.67,9.0741,5.1297
9.3333,-354.46,123.67,5.9905,5.1297
9.5,-423.13,123.67,2.4513,5.1297
9.6667,-423.13,123.67,0.51587,5.1297
9.8333,123.46,123.67,-0.001237,5.1297
10,123.91,123.67,-0.0012416,5.1297
10.167,123.91,123.67,-0.0012416,5.1297
10.333,123.91,123.67,-0.0012415,5.1297
10.5,123.9,123.67,-0.0012415,5.1297
10.667,123.9,123.67,-0.0012414,5.1297
10.833,123.89,123.67,-0.0012414,5.1297
11,123.88,123.67,-0.0012413,5.1297
11.167,123.88,123.67,-0.0012413,5.1297
11.333,123.87,123.67,-0.0012412,5.1297
11.5,123.87,123.67,-0.0012412,5.1297
11.667,123.87,123.67,-0.0012411,5.1297
11.833,123.86,123.67,-0.0012411,5.1297
12,123.85,123.67,-0.001241,5.1297
12.167,123.85,123.67,-0.001241,5.1297
12.333,123.84,123.67,-0.0012409,5.1297
12.5,123.84,123.67,-0.0012409,5.1297
12.667,123.83,123.67,-0.0012408,5.1297
12.833,123.83,123.67,-0.0012408,5.1297
13,123.82,123.67,-0.0012407,5.1297
13.167,123.82,123.67,-0.0012407,5.1297
13.333,123.81,123.67,-0.0012406,5.1297
13.5,123.81,123.67,-0.0012405,5.1297
13.667,123.8,123.67,-0.0012405,5.1297
13.833,123.8,123.67,-0.0012405,5.1297
14,123.79,123.67,-0.0012404,5.1297
14.167,123.79,123.67,-0.0012404,5.1297
14.333,123.78,123.67,-0.0012403,5.1297
14.5,123.78,123.67,-0.0012402,5.1297
14.667,638.97,123.67,1.898,5.1297
14.833,638.97,123.67,5.4184,5.1297
15,580.29,123.67,8.5481,5.1297
15.167,549.69,123.67,9.9596,5.1297
15.333,486.18,123.67,12.463,5.1297
15.5,419.89,123.67,14.525,5.1297
15.667,385.83,123.67,15.386,5.1297
15.833,316.1,123.67,16.758,5.1297
16,244.57,123.67,17.654,5.1297
16.167,208.25,123.67,17.92,5.1297
16.333,134.78,123.67,17.92,5.1297
16.5,60.527,123.67,17.759,5.1297
16.667,23.244,123.67,17.409,5.1297
16.833,-51.375,123.67,16.338,5.1297
17,-125.71,123.67,14.773,5.1297
17.167,-162.64,123.67,13.807,5.1297
17.333,-235.76,123.67,11.511,5.1297
17.5,-307.54,123.67,8.7384,5.1297
17.667,-342.81,123.67,7.177,5.1297
17.833,-411.84,123.67,3.7126,5.1297
18,-411.84,123.67,0.0041982,5.1297
18.167,122.16,123.67,-0.001224,5.1297
18.333,123.78,123.67,-0.0012402,5.1297
18.5,123.78,123.67,-0.0012402,5.1297
18.667,123.77,123.67,-0.0012402,5.1297
18.833,123.77,123.67,-0.0012401,5.1297
19,123.76,123.67,-0.0012401,5.1297
19.167,123.76,123.67,-0.00124,5.1297
19.333,123.75,123.67,-0.00124,5.1297
19.5,123.74,123.67,-0.0012399,5.1297
19.667,123.74,123.67,-0.0012399,5.1297
19.833,123.74,123.67,-0.0012398,5.1297
20,123.73,123.67,-0.0012398,5.1297
20.167,123.73,123.67,-0.0012397,5.1297
20.333,123.72,123.67,-0.0012397,5.1297
20.5,123.71,123.67,-0.0012396,5.1297
20.667,123.71,123.67,-0.0012396,5.1297
20.833,123.7,123.67,-0.0012395,5.1297
21,123.7,123.67,-0.0012395,5.1297
21.167,123.7,123.67,-0.0012394,5.1297
21.333,123.69,123.67,-0.0012394,5.1297
21.5,123.68,123.67,-0.0012393,5.1297
21.667,123.68,123.67,-0.0012393,5.1297
21.833,123.67,123.67,-0.0012392,5.1297
22,123.67,123.67,-0.0012392,5.1297
22.167,123.66,123.67,-0.0012391,5.1297
22.333,123.66,123.67,-0.0012391,5.1297
22.5,123.65,123.67,-0.001239,5.1297
22.667,123.65,123.67,-0.001239,5.1297
22.833,123.65,123.67,-0.0012389,5.1297
23,648.41,123.67,3.7661,5.1297
23.167,648.41,123.67,5.5108,5.1297
23.333,590.31,123.67,8.707,5.1297
23.5,528.85,123.67,11.494,5.1297
23.667,496.96,123.67,12.728,5.1297
23.833,431.11,123.67,14.865,5.1297
24,362.81,123.67,16.547,5.1297
24.167,327.86,123.67,17.213,5.1297
24.333,256.6,123.67,18.189,5.1297
24.5,183.87,123.67,18.681,5.1297
24.667,147.09,123.67,18.681,5.1297
24.833,72.937,123.67,18.499,5.1297
25,-1.6355,123.67,17.758,5.1297
25.167,-38.948,123.67,17.201,5.1297
25.333,-113.36,123.67,15.718,5.1297
25.5,-187.13,123.67,13.745,5.1297
25.667,-223.65,123.67,12.577,5.1297
25.833,-295.69,123.67,9.8827,5.1297
26,-366.06,123.67,6.7217,5.1297
26.167,-400.49,123.67,4.9704,5.1297
26.333,-400.49,123.67,1.1359,5.1297
26.5,122.64,123.67,-0.0012288,5.1297
26.667,123.65,123.67,-0.001239,5.1297
26.833,123.65,123.67,-0.001239,5.1297
27,123.64,123.67,-0.0012389,5.1297
27.167,123.64,123.67,-0.0012389,5.1297
27.333,123.63,123.67,-0.0012388,5.1297
27.5,123.63,123.67,-0.0012387,5.1297
27.667,123.62,123.67,-0.0012387,5.1297
27.833,123.62,123.67,-0.0012387,5.1297
28,123.61,123.67,-0.0012386,5.1297
28.167,123.61,123.67,-0.0012386,5.1297
28.333,123.6,123.67,-0.0012385,5.1297
28.5,123.6,123.67,-0.0012384,5.1297
28.667,123.59,123.67,-0.0012384,5.1297
28.833,123.59,123.67,-0.0012384,5.1297
29,123.58,123.67,-0.0012383,5.1297
29.167,123.58,123.67,-0.0012383,5.1297
29.333,123.57,123.67,-0.0012382,5.1297
29.5,123.57,123.67,-0.0012381,5.1297
29.667,123.56,123.67,-0.0012381,5.1297
29.833,123.56,123.67,-0.001238,5.1297
30,123.55,123.67,-0.001238,5.1297
30.167,123.55,123.67,-0.001238,5.1297
30.333,123.54,123.67,-0.0012379,5.1297
30.5,123.54,123.67,-0.0012378,5.1297
30.667,123.53,123.67,-0.0012378,5.1297
30.833,123.53,123.67,-0.0012377,5.1297
31,123.52,123.67,-0.0012377,5.1297
31.167,123.52,123.67,-0.0012376,5.1297
31.333,629.44,123.67,3.8259,5.1297
31.5,629.44,123.67,7.2823,5.1297
31.667,600.23,123.67,8.864,5.1297
31.833,539.31,123.67,11.72,5.1297
32,475.31,123.67,14.151,5.1297
32.167,442.27,123.67,15.201,5.1297
32.333,374.35,123.67,16.96,5.1297
32.5,304.29,123.67,18.252,5.1297
32.667,268.58,123.67,18.72,5.1297
32.833,196.07,123.67,19.293,5.1297
33,122.44,123.67,19.293,5.1297
33.167,85.334,123.67,19.234,5.1297
33.333,10.803,123.67,18.575,5.1297
33.5,-63.797,123.67,17.421,5.1297
33.667,-100.99,123.67,16.659,5.1297
33.833,-174.9,123.67,14.766,5.1297
34,-247.83,123.67,12.39,5.1297
34.167,-283.79,123.67,11.023,5.1297
34.333,-354.46,123.67,7.9384,5.1297
34.5,-423.13,123.67,4.3986,5.1297
34.667,-423.13,123.67,2.4628,5.1297
34.833,-2.233,123.67,2.2375e-05,5.1297
35,123.53,123.67,-0.0012378,5.1297
35.167,123.53,123.67,-0.0012378,5.1297
35.333,123.52,123.67,-0.0012377,5.1297
35.5,123.52,123.67,-0.0012376,5.1297
35.667,123.51,123.67,-0.0012376,5.1297
35.833,123.51,123.67,-0.0012376,5.1297
36,123.5,123.67,-0.0012375,5.1297
36.167,123.5,123.67,-0.0012375,5.1297
36.333,123.49,123.67,-0.0012374,5.1297
36.5,123.49,123.67,-0.0012373,5.1297
36.667,123.48,123.67,-0.0012373,5.1297
36.833,123.48,123.67,-0.0012373,5.1297
37,123.47,123.67,-0.0012372,5.1297
37.167,123.47,123.67,-0.0012372,5.1297
37.333,123.46,123.67,-0.0012371,5.1297
37.5,123.46,123.67,-0.001237,5.1297
37.667,123.45,123.67,-0.001237,5.1297
37.833,123.45,123.67,-0.0012369,5.1297
38,123.44,123.67,-0.0012369,5.1297
38.167,123.44,123.67,-0.0012369,5.1297
38.333,123.43,123.67,-0.0012368,5.1297
38.5,123.43,123.67,-0.0012367,5.1297
38.667,123.42,123.67,-0.0012367,5.1297
38.833,123.42,123.67,-0.0012366,5.1297
39,123.41,123.67,-0.0012366,5.1297
39.167,123.41,123.67,-0.0012365,5.1297
39.333,123.4,123.67,-0.0012365,5.1297
39.5,123.4,123.67,-0.0012364,5.1297
39.667,638.97,123.67,1.8993,5.1297
39.833,638.97,123.67,5.4222,5.1297
40,580.29,123.67,8.5545,5.1297
40.167,549.69,123.67,9.9672,5.1297
40.333,486.18,123.67,12.473,5.1297
40.5,419.89,123.67,14.538,5.1297
40.667,385.83,123.67,15.4,5.1297
40.833,316.1,123.67,16.774,5.1297
41,244.57,123.67,17.673,5.1297
41.167,208.25,123.67,17.941,5.1297
41.333,134.78,123.67,17.941,5.1297
41.5,60.527,123.67,17.784,5.1297
41.667,23.244,123.67,17.436,5.1297
41.833,-51.375,123.67,16.367,5.1297
42,-125.71,123.67,14.804,5.1297
42.167,-162.64,123.67,13.839,5.1297
42.333,-235.76,123.67,11.546,5.1297
42.5,-307.54,123.67,8.7759,5.1297
42.667,-342.81,123.67,7.2158,5.1297
42.833,-411.84,123.67,3.7539,5.1297
43,-411.84,123.67,0.0043293,5.1297
43.167,121.74,123.67,-0.0012199,5.1297
43.333,123.4,123.67,-0.0012364,5.1297
43.5,123.4,123.67,-0.0012364,5.1297
43.667,123.39,123.67,-0.0012364,5.1297
43.833,123.39,123.67,-0.0012363,5.1297
44,123.38,123.67,-0.0012363,5.1297
44.167,123.38,123.67,-0.0012362,5.1297
44.333,123.37,123.67,-0.0012362,5.1297
44.5,123.36,123.67,-0.0012361,5.1297
44.667,123.36,123.67,-0.0012361,5.1297
44.833,123.36,123.67,-0.001236,5.1297
45,123.35,123.67,-0.001236,5.1297
45.167,123.35,123.67,-0.0012359,5.1297
45.333,123.34,123.67,-0.0012359,5.1297
45.5,123.33,123.67,-0.0012358,5.1297
45.667,123.33,123.67,-0.0012358,5.1297
45.833,123.33,123.67,-0.0012357,5.1297
46,123.32,123.67,-0.0012357,5.1297
46.167,123.32,123.67,-0.0012356,5.1297
46.333,123.31,123.67,-0.0012356,5.1297
46.5,123.3,123.67,-0.0012355,5.1297
46.667,123.3,123.67,-0.0012355,5.1297
46.833,123.29,123.67,-0.0012354,5.1297
47,123.29,123.67,-0.0012354,5.1297
47.167,123.29,123.67,-0.0012353,5.1297
47.333,123.28,123.67,-0.0012353,5.1297
47.5,123.27,123.67,-0.0012352,5.1297
47.667,123.27,123.67,-0.0012352,5.1297
47.833,123.27,123.67,-0.0012351,5.1297
48,648.41,123.67,3.7686,5.1297
48.167,648.41,123.67,5.5145,5.1297
48.333,590.31,123.67,8.7133,5.1297
48.5,528.85,123.67,11.503,5.1297
48.667,496.96,123.67,12.738,5.1297
48.833,431.11,123.67,14.877,5.1297
49,362.81,123.67,16.562,5.1297
49.167,327.86,123.67,17.23,5.1297
49.333,256.6,123.67,18.208,5.1297
49.5,183.87,123.67,18.703,5.1297
49.667,147.09,123.67,18.703,5.1297
49.833,72.936,123.67,18.524,5.1297
50,-1.6356,123.67,17.785,5.1297
50.167,-38.948,123.67,17.23,5.1297
50.333,-113.36,123.67,15.749,5.1297
50.5,-187.14,123.67,13.779,5.1297
50.667,-223.65,123.67,12.612,5.1297
50.833,-295.69,123.67,9.9201,5.1297
51,-366.06,123.67,6.7616,5.1297
51.167,-400.49,123.67,5.0115,5.1297
51.333,-400.49,123.67,1.1795,5.1297
51.5,122.22,123.67,-0.0012247,5.1297
51.667,123.27,123.67,-0.0012352,5.1297
51.833,123.27,123.67,-0.0012352,5.1297
52,123.26,123.67,-0.0012351,5.1297
52.167,123.26,123.67,-0.0012351,5.1297
52.333,123.26,123.67,-0.001235,5.1297
52.5,123.25,123.67,-0.001235,5.1297
52.667,123.25,123.67,-0.0012349,5.1297
52.833,123.24,123.67,-0.0012349,5.1297
53,123.23,123.67,-0.0012348,5.1297
53.167,123.23,123.67,-0.0012348,5.1297
53.333,123.22,123.67,-0.0012347,5.1297
53.5,123.22,123.67,-0.0012347,5.1297
53.667,123.22,123.67,-0.0012346,5.1297
53.833,123.21,123.67,-0.0012346,5.1297
54,123.2,123.67,-0.0012345,5.1297
54.167,123.2,123.67,-0.0012345,5.1297
54.333,123.19,123.67,-0.0012344,5.1297
54.5,123.19,123.67,-0.0012343,5.1297
54.667,123.19,123.67,-0.0012343,5.1297
54.833,123.18,123.67,-0.0012343,5.1297
55,123.17,123.67,-0.0012342,5.1297
55.167,123.17,123.67,-0.0012342,5.1297
55.333,123.16,123.67,-0.0012341,5.1297
55.5,123.16,123.67,-0.001234,5.1297
55.667,123.16,123.67,-0.001234,5.1297
55.833,123.15,123.67,-0.001234,5.1297
56,123.14,123.67,-0.0012339,5.1297
56.167,123.14,123.67,-0.0012339,5.1297
56.333,629.44,123.67,1.8705,5.1297
56.5,629.44,123.67,5.3327,5.1297
56.667,600.24,123.67,6.9173,5.1297
56.833,539.31,123.67,9.7796,5.1297
57,475.31,123.67,12.216,5.1297
57.167,442.27,123.67,13.269,5.1297
57.333,374.35,123.67,15.033,5.1297
57.5,304.29,123.67,16.332,5.1297
57.667,268.59,123.67,16.803,5.1297
57.833,196.08,123.67,17.382,5.1297
58,122.44,123.67,17.382,5.1297
58.167,85.338,123.67,17.33,5.1297
58.333,10.807,123.67,16.678,5.1297
58.5,-63.794,123.67,15.529,5.1297
58.667,-100.99,123.67,14.77,5.1297
58.833,-174.9,123.67,12.883,5.1297
59,-247.82,123.67,10.513,5.1297
59.167,-283.79,123.67,9.1484,5.1297
59.333,-354.46,123.67,6.0699,5.1297
59.5,-423.13,123.67,2.5358,5.1297
59.667,-423.13,123.67,0.60287,5.1297
59.833,122.6,123.67,-0.0012285,5.1297
60,123.13,123.67,-0.0012338,5.1297
60.167,123.13,123.67,-0.0012338,5.1297
60.333,123.13,123.67,-0.0012337,5.1297
60.5,123.12,123.67,-0.0012337,5.1297
60.667,123.12,123.67,-0.0012336,5.1297
60.833,123.11,123.67,-0.0012336,5.1297
61,123.11,123.67,-0.0012335,5.1297
61.167,123.1,123.67,-0.0012335,5.1297
61.333,123.1,123.67,-0.0012334,5.1297
61.5,123.09,123.67,-0.0012334,5.1297
61.667,123.09,123.67,-0.0012333,5.1297
61.833,123.08,123.67,-0.0012333,5.1297
62,123.08,123.67,-0.0012332,5.1297
62.167,123.07,123.67,-0.0012332,5.1297
62.333,123.07,123.67,-0.0012331,5.1297
62.5,123.06,123.67,-0.0012331,5.1297
62.667,123.06,123.67,-0.001233,5.1297
62.833,123.05,123.67,-0.001233,5.1297
63,123.05,123.67,-0.0012329,5.1297
63.167,123.04,123.67,-0.0012329,5.1297
63.333,123.04,123.67,-0.0012328,5.1297
63.5,123.03,123.67,-0.0012328,5.1297
63.667,123.03,123.67,-0.0012327,5.1297
63.833,123.02,123.67,-0.0012327,5.1297
64,123.02,123.67,-0.0012326,5.1297
64.167,123.01,123.67,-0.0012326,5.1297
64.333,123.01,123.67,-0.0012325,5.1297
64.5,123.01,123.67,-0.0012325,5.1297
64.667,638.97,123.67,1.9006,5.1297
64.833,638.97,123.67,5.4262,5.1297
65,580.29,123.67,8.5611,5.1297
65.167,549.69,123.67,9.9751,5.1297
65.333,486.18,123.67,12.484,5.1297
65.5,419.89,123.67,14.551,5.1297
65.667,385.83,123.67,15.414,5.1297
65.833,316.1,123.67,16.791,5.1297
66,244.57,123.67,17.692,5.1297
66.167,208.25,123.67,17.962,5.1297
66.333,134.78,123.67,17.962,5.1297
66.5,60.527,123.67,17.81,5.1297
