-0.16667,0,211.8,38.881,18.865
0,-1.6778,211.8,38.881,18.865
0.16667,-38.989,211.8,38.027,18.865
0.33333,-113.4,211.8,35.95,18.865
0.5,-187.17,211.8,33.384,18.865
0.66667,-223.69,211.8,31.92,18.865
0.83333,-295.73,211.8,28.634,18.865
1,-366.09,211.8,24.883,18.865
1.1667,-400.52,211.8,22.837,18.865
1.3333,-467.63,211.8,18.413,18.865
1.5,-532.1,211.8,13.563,18.865
1.6667,-563.22,211.8,10.985,18.865
1.8333,-590.94,211.8,5.534,18.865
2,-590.94,211.8,0.0059212,18.865
2.1667,205.19,211.8,-0.002056,18.865
2.3333,207.55,211.8,-0.0020797,18.865
2.5,207.55,211.8,-0.0020797,18.865
2.6667,207.54,211.8,-0.0020796,18.865
2.8333,207.53,211.8,-0.0020795,18.865
3,207.52,211.8,-0.0020793,18.865
3.1667,207.51,211.8,-0.0020792,18.865
3.3333,207.49,211.8,-0.0020791,18.865
3.5,207.48,211.8,-0.0020789,18.865
3.6667,207.47,211.8,-0.0020789,18.865
3.8333,207.46,211.8,-0.0020787,18.865
4,207.44,211.8,-0.0020786,18.865
4.1667,207.44,211.8,-0.0020785,18.865
4.3333,207.42,211.8,-0.0020784,18.865
4.5,207.41,211.8,-0.0020782,18.865
4.6667,207.4,211.8,-0.0020782,18.865
4.8333,207.4,211.8,-0.002078,18.865
5,927.73,211.8,4.9117,18.865
5.1667,927.73,211.8,7.3068,18.865
5.3333,899.38,211.8,11.952,18.865
5.5,865.91,211.8,16.374,18.865
5.6667,847.31,211.8,18.492,18.865
5.8333,806.53,211.8,22.521,18.865
6,761.16,211.8,26.248,18.865
6.1667,736.83,211.8,27.99,18.865
6.3333,685.05,211.8,31.212,18.865
6.5,629.38,211.8,34.064,18.865
6.6667,600.18,211.8,35.344,18.865
6.8333,539.26,211.8,37.597,18.865
7,475.26,211.8,39.426,18.865
7.1667,442.22,211.8,40.175,18.865
7.3333,374.3,211.8,41.334,18.865
7.5,304.24,211.8,42.027,18.865
7.6667,268.54,211.8,42.171,18.865
7.8333,196.03,211.8,42.171,18.865
8,122.4,211.8,41.657,18.865
8.1667,85.29,211.8,41.216,18.865
8.3333,10.76,211.8,39.962,18.865
8.5,-63.839,211.8,38.213,18.865
8.6667,-101.03,211.8,37.154,18.865
8.8333,-174.94,211.8,34.669,18.865
9,-247.87,211.8,31.7,18.865
9.1667,-283.83,211.8,30.037,18.865
9.3333,-354.5,211.8,26.362,18.865
9.5,-423.17,211.8,22.233,18.865
9.6667,-456.62,211.8,20.002,18.865
9.8333,-521.55,211.8,15.222,18.865
10,-583.53,211.8,10.032,18.865
10.167,-613.3,211.8,7.2899,18.865
10.333,-613.3,211.8,1.5274,18.865
10.5,206.05,211.8,-0.0020646,18.865
10.667,207.4,211.8,-0.0020781,18.865
10.833,207.4,211.8,-0.0020781,18.865
11,207.39,211.8,-0.002078,18.865
11.167,207.38,211.8,-0.0020779,18.865
11.333,207.36,211.8,-0.0020778,18.865
11.5,207.35,211.8,-0.0020776,18.865
11.667,207.34,211.8,-0.0020776,18.865
11.833,207.33,211.8,-0.0020774,18.865
12,207.31,211.8,-0.0020773,18.865
12.167,207.31,211.8,-0.0020772,18.865
12.333,207.29,211.8,-0.0020771,18.865
12.5,207.28,211.8,-0.0020769,18.865
12.667,207.27,211.8,-0.0020769,18.865
12.833,207.26,211.8,-0.0020767,18.865
13,207.24,211.8,-0.0020766,18.865
13.167,207.24,211.8,-0.0020765,18.865
13.333,918.86,211.8,4.9363,18.865
13.5,918.86,211.8,9.71,18.865
13.667,904.46,211.8,12.024,18.865
13.833,871.84,211.8,16.486,18.865
14,834.24,211.8,20.698,18.865
14.167,813.65,211.8,22.701,18.865
14.333,769.02,211.8,26.48,18.865
14.5,720.02,211.8,29.934,18.865
14.667,693.96,211.8,31.53,18.865
14.833,638.92,211.8,34.445,18.865
15,580.23,211.8,36.97,18.865
15.167,549.63,211.8,38.08,18.865
15.333,486.12,211.8,39.98,18.865
15.5,419.84,211.8,41.441,18.865
15.667,385.78,211.8,42.001,18.865
15.833,316.05,211.8,42.772,18.865
16,244.52,211.8,43.036,18.865
16.167,208.2,211.8,43.036,18.865
16.333,134.73,211.8,42.604,18.865
16.5,60.479,211.8,41.679,18.865
16.667,23.197,211.8,41.031,18.865
16.833,-51.421,211.8,39.365,18.865
17,-125.75,211.8,37.205,18.865
17.167,-162.68,211.8,35.942,18.865
17.333,-235.8,211.8,33.052,18.865
17.5,-307.59,211.8,29.688,18.865
17.667,-342.85,211.8,27.831,18.865
17.833,-411.88,211.8,23.775,18.865
18,-478.57,211.8,19.279,18.865
18.167,-510.93,211.8,16.871,18.865
18.333,-573.42,211.8,11.747,18.865
18.5,-632.66,211.8,6.2316,18.865
18.667,-632.66,211.8,3.3346,18.865
18.833,102.3,211.8,-0.001025,18.865
19,207.26,211.8,-0.0020768,18.865
19.167,207.26,211.8,-0.0020768,18.865
19.333,207.25,211.8,-0.0020766,18.865
19.5,207.23,211.8,-0.0020765,18.865
19.667,207.23,211.8,-0.0020764,18.865
19.833,207.21,211.8,-0.0020763,18.865
20,207.2,211.8,-0.0020761,18.865
20.167,207.19,211.8,-0.0020761,18.865
20.333,207.18,211.8,-0.0020759,18.865
20.5,207.16,211.8,-0.0020758,18.865
20.667,207.16,211.8,-0.0020757,18.865
20.833,207.14,211.8,-0.0020756,18.865
21,207.13,211.8,-0.0020754,18.865
21.167,207.12,211.8,-0.0020753,18.865
21.333,207.12,211.8,-0.0020752,18.865
21.5,947.33,211.8,2.4965,18.865
21.667,947.33,211.8,4.9598,18.865
21.833,923.37,211.8,9.763,18.865
22,894.15,211.8,14.372,18.865
22.167,877.62,211.8,16.594,18.865
22.333,840.84,211.8,20.849,18.865
22.5,799.28,211.8,24.829,18.865
22.667,776.77,211.8,26.705,18.865
22.833,728.48,211.8,30.215,18.865
23,676.03,211.8,33.376,18.865
23.167,648.35,211.8,34.818,18.865
23.333,590.25,211.8,37.409,18.865
23.5,528.79,211.8,39.593,18.865
23.667,496.91,211.8,40.525,18.865
23.833,431.06,211.8,42.059,18.865
24,362.76,211.8,43.14,18.865
24.167,327.8,211.8,43.506,18.865
24.333,256.55,211.8,43.775,18.865
24.5,183.82,211.8,43.775,18.865
24.667,147.04,211.8,43.539,18.865
24.833,72.888,211.8,42.696,18.865
25,-1.6827,211.8,41.358,18.865
25.167,-38.994,211.8,40.504,18.865
25.333,-113.4,211.8,38.426,18.865
25.5,-187.18,211.8,35.858,18.865
25.667,-223.7,211.8,34.393,18.865
25.833,-295.73,211.8,31.107,18.865
26,-366.1,211.8,27.354,18.865
26.167,-400.53,211.8,25.307,18.865
26.333,-467.64,211.8,20.882,18.865
26.5,-532.1,211.8,16.031,18.865
26.667,-563.22,211.8,13.452,18.865
26.833,-623.03,211.8,7.9998,18.865
27,-623.03,211.8,2.1761,18.865
27.167,-444.33,211.8,0.0044522,18.865
27.333,207.13,211.8,-0.0020755,18.865
27.5,207.13,211.8,-0.0020755,18.865
27.667,207.13,211.8,-0.0020754,18.865
27.833,207.11,211.8,-0.0020753,18.865
28,207.1,211.8,-0.0020751,18.865
28.167,207.09,211.8,-0.002075,18.865
28.333,207.08,211.8,-0.0020749,18.865
28.5,207.06,211.8,-0.0020748,18.865
28.667,207.05,211.8,-0.0020747,18.865
28.833,207.04,211.8,-0.0020745,18.865
29,207.03,211.8,-0.0020744,18.865
29.167,207.02,211.8,-0.0020743,18.865
29.333,207,211.8,-0.0020742,18.865
29.5,206.99,211.8,-0.002074,18.865
29.667,206.99,211.8,-0.002074,18.865
29.833,939.93,211.8,2.507,18.865
30,939.93,211.8,7.4193,18.865
30.167,927.73,211.8,9.8137,18.865
30.333,899.38,211.8,14.457,18.865
30.5,865.91,211.8,18.878,18.865
30.667,847.31,211.8,20.996,18.865
30.833,806.53,211.8,25.023,18.865
31,761.15,211.8,28.748,18.865
31.167,736.82,211.8,30.489,18.865
31.333,685.05,211.8,33.71,18.865
31.5,629.38,211.8,36.56,18.865
31.667,600.18,211.8,37.84,18.865
31.833,539.25,211.8,40.092,18.865
32,475.25,211.8,41.919,18.865
32.167,442.21,211.8,42.668,18.865
32.333,374.29,211.8,43.824,18.865
32.5,304.24,211.8,44.516,18.865
32.667,268.53,211.8,44.658,18.865
32.833,196.02,211.8,44.658,18.865
33,122.39,211.8,44.143,18.865
33.167,85.285,211.8,43.7,18.865
33.333,10.755,211.8,42.445,18.865
33.5,-63.844,211.8,40.694,18.865
33.667,-101.04,211.8,39.634,18.865
33.833,-174.95,211.8,37.147,18.865
34,-247.87,211.8,34.177,18.865
34.167,-283.83,211.8,32.514,18.865
34.333,-354.51,211.8,28.837,18.865
34.5,-423.17,211.8,24.706,18.865
34.667,-456.63,211.8,22.475,18.865
34.833,-521.56,211.8,17.693,18.865
35,-583.53,211.8,12.501,18.865
35.167,-613.3,211.8,9.7585,18.865
35.333,-613.3,211.8,3.9943,18.865
35.5,-86.475,211.8,0.00086648,18.865
35.667,206.16,211.8,-0.0020657,18.865
35.833,207.01,211.8,-0.0020742,18.865
36,207.01,211.8,-0.0020742,18.865
36.167,207,211.8,-0.0020742,18.865
36.333,206.99,211.8,-0.002074,18.865
36.5,206.97,211.8,-0.0020739,18.865
36.667,206.97,211.8,-0.0020738,18.865
36.833,206.95,211.8,-0.0020737,18.865
37,206.94,211.8,-0.0020735,18.865
37.167,206.93,211.8,-0.0020734,18.865
37.333,206.92,211.8,-0.0020733,18.865
37.5,206.9,211.8,-0.0020732,18.865
37.667,206.9,211.8,-0.0020731,18.865
37.833,206.88,211.8,-0.0020729,18.865
38,206.87,211.8,-0.0020728,18.865
38.167,206.87,211.8,-0.0020727,18.865
38.333,918.86,211.8,4.9388,18.865
38.5,918.86,211.8,9.715,18.865
38.667,904.46,211.8,12.03,18.865
38.833,871.84,211.8,16.495,18.865
39,834.24,211.8,20.709,18.865
39.167,813.65,211.8,22.713,18.865
39.333,769.02,211.8,26.495,18.865
39.5,720.02,211.8,29.951,18.865
39.667,693.96,211.8,31.548,18.865
39.833,638.92,211.8,34.466,18.865
40,580.23,211.8,36.994,18.865
40.167,549.63,211.8,38.105,18.865
40.333,486.12,211.8,40.008,18.865
40.5,419.84,211.8,41.471,18.865
40.667,385.78,211.8,42.032,18.865
40.833,316.05,211.8,42.806,18.865
41,244.52,211.8,43.073,18.865
41.167,208.2,211.8,43.073,18.865
41.333,134.73,211.8,42.643,18.865
41.5,60.479,211.8,41.721,18.865
41.667,23.197,211.8,41.075,18.865
41.833,-51.421,211.8,39.41,18.865
42,-125.75,211.8,37.253,18.865
42.167,-162.68,211.8,35.991,18.865
42.333,-235.8,211.8,33.104,18.865
42.5,-307.59,211.8,29.742,18.865
42.667,-342.85,211.8,27.886,18.865
42.833,-411.88,211.8,23.833,18.865
43,-478.57,211.8,19.339,18.865
43.167,-510.93,211.8,16.932,18.865
43.333,-573.42,211.8,11.81,18.865
43.5,-632.66,211.8,6.2976,18.865
43.667,-632.66,211.8,3.4018,18.865
43.833,81.453,211.8,-0.00081616,18.865
44,206.89,211.8,-0.002073,18.865
44.167,206.89,211.8,-0.002073,18.865
44.333,206.87,211.8,-0.0020729,18.865
44.5,206.86,211.8,-0.0020727,18.865
44.667,206.85,211.8,-0.0020727,18.865
44.833,206.84,211.8,-0.0020725,18.865
45,206.82,211.8,-0.0020724,18.865
45.167,206.82,211.8,-0.0020723,18.865
45.333,206.8,211.8,-0.0020722,18.865
45.5,206.79,211.8,-0.002072,18.865
45.667,206.78,211.8,-0.002072,18.865
45.833,206.77,211.8,-0.0020718,18.865
46,206.75,211.8,-0.0020717,18.865
46.167,206.75,211.8,-0.0020716,18.865
46.333,206.73,211.8,-0.0020715,18.865
46.5,206.73,211.8,-0.0020713,18.865
46.667,923.37,211.8,2.4646,18.865
46.833,923.37,211.8,7.2744,18.865
47,894.15,211.8,11.89,18.865
47.167,877.63,211.8,14.115,18.865
47.333,840.85,211.8,18.377,18.865
47.5,799.28,211.8,22.364,18.865
47.667,776.78,211.8,24.244,18.865
47.833,728.48,211.8,27.76,18.865
48,676.04,211.8,30.928,18.865
48.167,648.36,211.8,32.373,18.865
48.333,590.26,211.8,34.971,18.865
48.5,528.79,211.8,37.161,18.865
48.667,496.91,211.8,38.097,18.865
48.833,431.07,211.8,39.638,18.865
49,362.76,211.8,40.725,18.865
49.167,327.81,211.8,41.095,18.865
49.333,256.55,211.8,41.377,18.865
49.5,183.82,211.8,41.377,18.865
49.667,147.04,211.8,41.144,18.865
49.833,72.893,211.8,40.307,18.865
50,-1.678,211.8,38.977,18.865
50.167,-38.99,211.8,38.126,18.865
50.333,-113.4,211.8,36.054,18.865
50.5,-187.17,211.8,33.493,18.865
50.667,-223.69,211.8,32.032,18.865
50.833,-295.73,211.8,28.751,18.865
51,-366.09,211.8,25.005,18.865
51.167,-400.52,211.8,22.962,18.865
51.333,-467.63,211.8,18.544,18.865
51.5,-532.1,211.8,13.699,18.865
51.667,-563.22,211.8,11.123,18.865
51.833,-623.03,211.8,5.6779,18.865
52,-623.03,211.8,0.0063687,18.865
52.167,204.22,211.8,-0.0020463,18.865
52.333,206.72,211.8,-0.0020713,18.865
52.5,206.72,211.8,-0.0020713,18.865
52.667,206.71,211.8,-0.0020713,18.865
52.833,206.7,211.8,-0.0020711,18.865
53,206.69,211.8,-0.002071,18.865
53.167,206.68,211.8,-0.0020709,18.865
53.333,206.66,211.8,-0.0020708,18.865
53.5,206.65,211.8,-0.0020706,18.865
53.667,206.64,211.8,-0.0020706,18.865
53.833,206.63,211.8,-0.0020704,18.865
54,206.61,211.8,-0.0020703,18.865
54.167,206.61,211.8,-0.0020702,18.865
54.333,206.59,211.8,-0.0020701,18.865
54.5,206.58,211.8,-0.0020699,18.865
54.667,206.57,211.8,-0.0020698,18.865
54.833,206.57,211.8,-0.0020697,18.865
55,927.73,211.8,4.9172,18.865
55.167,927.73,211.8,7.3151,18.865
55.333,899.38,211.8,11.965,18.865
55.5,865.91,211.8,16.394,18.865
55.667,847.31,211.8,18.514,18.865
55.833,806.53,211.8,22.548,18.865
56,761.16,211.8,26.281,18.865
56.167,736.83,211.8,28.025,18.865
56.333,685.05,211.8,31.253,18.865
56.5,629.38,211.8,34.11,18.865
56.667,600.18,211.8,35.393,18.865
56.833,539.26,211.8,37.652,18.865
57,475.26,211.8,39.486,18.865
57.167,442.22,211.8,40.238,18.865
57.333,374.3,211.8,41.402,18.865
57.5,304.24,211.8,42.101,18.865
57.667,268.54,211.8,42.253,18.865
57.833,196.03,211.8,42.253,18.865
58,122.4,211.8,41.745,18.865
58.167,85.29,211.8,41.306,18.865
58.333,10.76,211.8,40.057,18.865
58.5,-63.839,211.8,38.314,18.865
58.667,-101.03,211.8,37.257,18.865
58.833,-174.94,211.8,34.777,18.865
59,-247.87,211.8,31.814,18.865
59.167,-283.83,211.8,30.154,18.865
59.333,-354.5,211.8,26.484,18.865
59.5,-423.17,211.8,22.36,18.865
59.667,-456.62,211.8,20.132,18.865
59.833,-521.55,211.8,15.357,18.865
60,-583.53,211.8,10.172,18.865
60.167,-613.3,211.8,7.4329,18.865
60.333,-613.3,211.8,1.6757,18.865
60.5,205.09,211.8,-0.002055,18.865
60.667,206.57,211.8,-0.0020699,18.865
60.833,206.57,211.8,-0.0020699,18.865
61,206.56,211.8,-0.0020697,18.865
61.167,206.55,211.8,-0.0020697,18.865
61.333,206.54,211.8,-0.0020695,18.865
61.5,206.52,211.8,-0.0020694,18.865
61.667,206.52,211.8,-0.0020693,18.865
61.833,206.5,211.8,-0.0020692,18.865
62,206.49,211.8,-0.002069,18.865
62.167,206.48,211.8,-0.002069,18.865
62.333,206.47,211.8,-0.0020688,18.865
62.5,206.45,211.8,-0.0020687,18.865
62.667,206.45,211.8,-0.0020686,18.865
62.833,206.43,211.8,-0.0020685,18.865
63,206.42,211.8,-0.0020683,18.865
63.167,206.42,211.8,-0.0020682,18.865
63.333,918.86,211.8,4.9418,18.865
63.5,918.86,211.8,9.721,18.865
63.667,904.46,211.8,12.038,18.865
63.833,871.84,211.8,16.505,18.865
64,834.24,211.8,20.723,18.865
64.167,813.65,211.8,22.728,18.865
64.333,769.02,211.8,26.513,18.865
64.5,720.02,211.8,29.972,18.865
64.667,693.96,211.8,31.571,18.865
64.833,638.92,211.8,34.491,18.865
65,580.23,211.8,37.022,18.865
65.167,549.63,211.8,38.134,18.865
65.333,486.12,211.8,40.04,18.865
65.5,419.84,211.8,41.506,18.865
65.667,385.78,211.8,42.069,18.865
65.833,316.05,211.8,42.845,18.865
66,244.52,211.8,43.117,18.865
66.167,208.2,211.8,43.117,18.865
66.333,134.73,211.8,42.691,18.865
66.5,60.479,211.8,41.771,18.865
