-0.16667,0,625.92,159.89,161.14
0,35.397,625.92,159.89,161.14
0.16667,35.397,625.92,157.92,161.14
0.33333,109.82,625.92,154.34,161.14
0.5,183.6,625.92,151.27,161.14
0.66667,220.13,625.92,149.92,161.14
0.83333,292.18,625.92,147.58,161.14
1,362.55,625.92,145.72,161.14
1.1667,396.99,625.92,144.96,161.14
1.3333,464.11,625.92,143.78,161.14
1.5,528.58,625.92,143.04,161.14
1.6667,559.71,625.92,142.83,161.14
1.8333,619.53,625.92,142.83,161.14
2,675.82,625.92,142.96,161.14
2.1667,702.53,625.92,143.22,161.14
2.3333,752.93,625.92,144,161.14
2.5,799.04,625.92,145.09,161.14
2.6667,820.4,625.92,145.74,161.14
2.8333,859.59,625.92,147.24,161.14
3,893.88,625.92,148.98,161.14
3.1667,909.13,625.92,149.93,161.14
3.3333,935.72,625.92,151.95,161.14
3.5,956.99,625.92,154.12,161.14
3.6667,965.58,625.92,155.25,161.14
3.8333,978.64,625.92,157.57,161.14
4,986.13,625.92,159.95,161.14
4.1667,986.82,625.92,161.15,161.14
4.3333,986.82,625.92,163.54,161.14
4.5,980.26,625.92,165.9,161.14
4.6667,974.88,625.92,167.05,161.14
4.8333,959.98,625.92,169.27,161.14
5,939.6,625.92,171.37,161.14
5.1667,927.4,625.92,172.36,161.14
5.3333,899.06,625.92,174.19,161.14
5.5,865.59,625.92,175.81,161.14
5.6667,847,625.92,176.52,161.14
5.8333,806.22,625.92,177.75,161.14
6,760.85,625.92,178.68,161.14
6.1667,736.52,625.92,179.03,161.14
6.3333,684.76,625.92,179.46,161.14
6.5,629.09,625.92,179.46,161.14
6.6667,599.89,625.92,179.42,161.14
6.8333,538.97,625.92,178.9,161.14
7,474.98,625.92,177.96,161.14
7.1667,441.94,625.92,177.32,161.14
7.3333,374.03,625.92,175.72,161.14
7.5,303.98,625.92,173.65,161.14
7.6667,268.28,625.92,172.44,161.14
7.8333,195.77,625.92,169.66,161.14
8,122.15,625.92,166.4,161.14
8.1667,85.044,625.92,164.59,161.14
8.3333,60.249,625.92,160.59,161.14
8.5,60.249,625.92,156.68,161.14
8.6667,97.448,625.92,154.92,161.14
8.8333,171.37,625.92,151.76,161.14
9,244.3,625.92,149.1,161.14
9.1667,280.27,625.92,147.95,161.14
9.3333,350.96,625.92,146.01,161.14
9.5,419.63,625.92,144.53,161.14
9.6667,453.1,625.92,143.96,161.14
9.8333,518.04,625.92,143.15,161.14
10,580.02,625.92,142.76,161.14
10.167,609.8,625.92,142.76,161.14
10.333,666.69,625.92,142.9,161.14
10.5,719.79,625.92,143.46,161.14
10.667,744.82,625.92,143.86,161.14
10.833,791.66,625.92,144.9,161.14
11,833.99,625.92,146.23,161.14
11.167,853.39,625.92,146.99,161.14
11.333,888.51,625.92,148.69,161.14
11.5,918.58,625.92,150.6,161.14
11.667,931.66,625.92,151.62,161.14
11.833,953.82,625.92,153.77,161.14
12,970.55,625.92,156.03,161.14
12.167,976.85,625.92,157.2,161.14
12.333,985.27,625.92,159.57,161.14
12.5,987.37,625.92,161.97,161.14
12.667,987.37,625.92,163.16,161.14
12.833,981.74,625.92,165.52,161.14
13,970.53,625.92,167.82,161.14
13.167,962.84,625.92,168.92,161.14
13.333,943.37,625.92,171.04,161.14
13.5,918.53,625.92,173,161.14
13.667,904.14,625.92,173.91,161.14
13.833,871.52,625.92,175.57,161.14
14,833.93,625.92,176.98,161.14
14.167,813.34,625.92,177.58,161.14
14.333,768.72,625.92,178.56,161.14
14.5,719.72,625.92,179.23,161.14
14.667,693.66,625.92,179.43,161.14
14.833,638.63,625.92,179.43,161.14
15,579.95,625.92,179.31,161.14
15.167,549.35,625.92,179.03,161.14
15.333,485.84,625.92,178.16,161.14
15.5,419.57,625.92,176.85,161.14
15.667,385.51,625.92,176.03,161.14
15.833,315.79,625.92,174.04,161.14
16,244.26,625.92,171.58,161.14
16.167,207.95,625.92,170.17,161.14
16.333,134.48,625.92,166.99,161.14
16.5,60.236,625.92,163.32,161.14
16.667,47.827,625.92,161.3,161.14
16.833,47.827,625.92,157.31,161.14
17,122.17,625.92,153.83,161.14
17.167,159.11,625.92,152.27,161.14
17.333,232.23,625.92,149.53,161.14
17.5,304.03,625.92,147.27,161.14
17.667,339.3,625.92,146.32,161.14
17.833,408.34,625.92,144.76,161.14
18,475.05,625.92,143.66,161.14
18.167,507.41,625.92,143.27,161.14
18.333,569.91,625.92,142.81,161.14
18.5,629.16,625.92,142.81,161.14
18.667,657.47,625.92,142.86,161.14
18.833,711.22,625.92,143.35,161.14
19,760.92,625.92,144.19,161.14
19.167,784.16,625.92,144.72,161.14
19.333,827.26,625.92,146,161.14
19.5,865.65,625.92,147.55,161.14
19.667,883.01,625.92,148.41,161.14
19.833,913.93,625.92,150.28,161.14
20,939.64,625.92,152.33,161.14
20.167,950.5,625.92,153.41,161.14
20.333,968.15,625.92,155.66,161.14
20.5,980.28,625.92,158,161.14
20.667,984.25,625.92,159.18,161.14
20.833,986.12,625.92,161.58,161.14
21,986.12,625.92,163.97,161.14
21.167,983.07,625.92,165.15,161.14
21.333,972.78,625.92,167.45,161.14
21.5,956.96,625.92,169.66,161.14
21.667,947,625.92,170.71,161.14
21.833,923.04,625.92,172.7,161.14
22,893.83,625.92,174.5,161.14
22.167,877.3,625.92,175.32,161.14
22.333,840.53,625.92,176.77,161.14
22.5,798.97,625.92,177.96,161.14
22.667,776.47,625.92,178.44,161.14
22.833,728.18,625.92,179.15,161.14
23,675.74,625.92,179.53,161.14
23.167,648.06,625.92,179.53,161.14
23.333,589.97,625.92,179.39,161.14
23.5,528.51,625.92,178.8,161.14
23.667,496.63,625.92,178.35,161.14
23.833,430.79,625.92,177.11,161.14
24,362.49,625.92,175.43,161.14
24.167,327.54,625.92,174.42,161.14
24.333,256.29,625.92,172.04,161.14
24.5,183.57,625.92,169.18,161.14
24.667,146.79,625.92,167.57,161.14
24.833,72.646,625.92,163.98,161.14
25,35.397,625.92,159.9,161.14
25.167,35.397,625.92,157.93,161.14
25.333,109.82,625.92,154.36,161.14
25.5,183.6,625.92,151.29,161.14
25.667,220.13,625.92,149.93,161.14
25.833,292.18,625.92,147.6,161.14
26,362.55,625.92,145.73,161.14
26.167,396.99,625.92,144.97,161.14
26.333,464.11,625.92,143.8,161.14
26.5,528.58,625.92,143.06,161.14
26.667,559.71,625.92,142.84,161.14
26.833,619.53,625.92,142.84,161.14
27,675.82,625.92,142.97,161.14
27.167,702.53,625.92,143.23,161.14
27.333,752.93,625.92,144.01,161.14
27.5,799.04,625.92,145.1,161.14
27.667,820.4,625.92,145.76,161.14
27.833,859.59,625.92,147.26,161.14
28,893.88,625.92,148.99,161.14
28.167,909.13,625.92,149.94,161.14
28.333,935.72,625.92,151.96,161.14
28.5,956.99,625.92,154.14,161.14
28.667,965.58,625.92,155.26,161.14
28.833,978.64,625.92,157.59,161.14
29,986.13,625.92,159.97,161.14
29.167,986.82,625.92,161.17,161.14
29.333,986.82,625.92,163.56,161.14
29.5,980.26,625.92,165.91,161.14
29.667,974.88,625.92,167.06,161.14
29.833,959.98,625.92,169.29,161.14
30,939.6,625.92,171.38,161.14
30.167,927.4,625.92,172.37,161.14
30.333,899.06,625.92,174.2,161.14
30.5,865.59,625.92,175.82,161.14
30.667,847,625.92,176.54,161.14
30.833,806.22,625.92,177.77,161.14
31,760.85,625.92,178.7,161.14
31.167,736.52,625.92,179.04,161.14
31.333,684.76,625.92,179.48,161.14
31.5,629.09,625.92,179.48,161.14
31.667,599.89,625.92,179.44,161.14
31.833,538.97,625.92,178.91,161.14
32,474.98,625.92,177.97,161.14
32.167,441.94,625.92,177.34,161.14
32.333,374.03,625.92,175.73,161.14
32.5,303.98,625.92,173.66,161.14
32.667,268.28,625.92,172.45,161.14
32.833,195.77,625.92,169.67,161.14
33,122.15,625.92,166.41,161.14
33.167,85.043,625.92,164.6,161.14
33.333,60.249,625.92,160.6,161.14
33.5,60.249,625.92,156.7,161.14
33.667,97.448,625.92,154.93,161.14
33.833,171.37,625.92,151.78,161.14
34,244.3,625.92,149.12,161.14
34.167,280.27,625.92,147.97,161.14
34.333,350.96,625.92,146.02,161.14
34.5,419.63,625.92,144.55,161.14
34.667,453.1,625.92,143.98,161.14
34.833,518.04,625.92,143.16,161.14
35,580.02,625.92,142.77,161.14
35.167,609.8,625.92,142.77,161.14
35.333,666.69,625.92,142.92,161.14
35.5,719.79,625.92,143.47,161.14
35.667,744.82,625.92,143.87,161.14
35.833,791.66,625.92,144.91,161.14
36,833.99,625.92,146.24,161.14
36.167,853.39,625.92,147,161.14
36.333,888.51,625.92,148.7,161.14
36.5,918.58,625.92,150.61,161.14
36.667,931.66,625.92,151.63,161.14
36.833,953.82,625.92,153.78,161.14
37,970.55,625.92,156.04,161.14
37.167,976.85,625.92,157.21,161.14
37.333,985.27,625.92,159.58,161.14
37.5,987.37,625.92,161.98,161.14
37.667,987.37,625.92,163.17,161.14
37.833,981.74,625.92,165.54,161.14
38,970.53,625.92,167.83,161.14
38.167,962.84,625.92,168.94,161.14
38.333,943.37,625.92,171.06,161.14
38.5,918.53,625.92,173.02,161.14
38.667,904.14,625.92,173.93,161.14
38.833,871.52,625.92,175.58,161.14
39,833.93,625.92,176.99,161.14
39.167,813.34,625.92,177.59,161.14
39.333,768.72,625.92,178.58,161.14
39.5,719.72,625.92,179.24,161.14
39.667,693.66,625.92,179.44,161.14
39.833,638.63,625.92,179.44,161.14
40,579.95,625.92,179.32,161.14
40.167,549.35,625.92,179.04,161.14
40.333,485.84,625.92,178.17,161.14
40.5,419.57,625.92,176.86,161.14
40.667,385.51,625.92,176.04,161.14
40.833,315.79,625.92,174.05,161.14
41,244.26,625.92,171.59,161.14
41.167,207.95,625.92,170.18,161.14
41.333,134.48,625.92,167,161.14
41.5,60.236,625.92,163.33,161.14
41.667,47.827,625.92,161.32,161.14
41.833,47.827,625.92,157.24,161.14
42,122.17,625.92,153.76,161.14
42.167,159.11,625.92,152.2,161.14
42.333,232.24,625.92,149.46,161.14
42.5,304.03,625.92,147.2,161.14
42.667,339.3,625.92,146.25,161.14
42.833,408.34,625.92,144.69,161.14
43,475.05,625.92,143.59,161.14
43.167,507.41,625.92,143.2,161.14
43.333,569.91,625.92,142.74,161.14
43.5,629.16,625.92,142.74,161.14
43.667,657.47,625.92,142.79,161.14
43.833,711.22,625.92,143.28,161.14
44,760.92,625.92,144.12,161.14
44.167,784.16,625.92,144.65,161.14
44.333,827.26,625.92,145.93,161.14
44.5,865.65,625.92,147.48,161.14
44.667,883.01,625.92,148.34,161.14
44.833,913.93,625.92,150.21,161.14
45,939.64,625.92,152.26,161.14
45.167,950.5,625.92,153.34,161.14
45.333,968.15,625.92,155.59,161.14
45.5,980.28,625.92,157.93,161.14
45.667,984.25,625.92,159.12,161.14
45.833,986.12,625.92,161.51,161.14
46,986.12,625.92,163.9,161.14
46.167,983.07,625.92,165.08,161.14
46.333,972.78,625.92,167.38,161.14
46.5,956.96,625.92,169.59,161.14
46.667,947,625.92,170.65,161.14
46.833,923.04,625.92,172.64,161.14
47,893.83,625.92,174.44,161.14
47.167,877.3,625.92,175.25,161.14
47.333,840.53,625.92,176.71,161.14
47.5,798.97,625.92,177.89,161.14
47.667,776.47,625.92,178.37,161.14
47.833,728.18,625.92,179.09,161.14
48,675.74,625.92,179.46,161.14
48.167,648.06,625.92,179.46,161.14
48.333,589.97,625.92,179.32,161.14
48.5,528.51,625.92,178.73,161.14
48.667,496.63,625.92,178.28,161.14
48.833,430.79,625.92,177.05,161.14
49,362.49,625.92,175.36,161.14
49.167,327.54,625.92,174.35,161.14
49.333,256.29,625.92,171.97,161.14
49.5,183.57,625.92,169.11,161.14
49.667,146.79,625.92,167.5,161.14
49.833,72.646,625.92,163.91,161.14
50,35.398,625.92,159.84,161.14
50.167,35.398,625.92,157.86,161.14
50.333,109.82,625.92,154.29,161.14
50.5,183.61,625.92,151.22,161.14
50.667,220.13,625.92,149.87,161.14
50.833,292.18,625.92,147.53,161.14
51,362.55,625.92,145.67,161.14
51.167,396.99,625.92,144.91,161.14
51.333,464.11,625.92,143.73,161.14
51.5,528.58,625.92,142.99,161.14
51.667,559.71,625.92,142.78,161.14
51.833,619.53,625.92,142.78,161.14
52,675.82,625.92,142.91,161.14
52.167,702.53,625.92,143.17,161.14
52.333,752.93,625.92,143.95,161.14
52.5,799.04,625.92,145.04,161.14
52.667,820.4,625.92,145.69,161.14
52.833,859.59,625.92,147.19,161.14
53,893.88,625.92,148.93,161.14
53.167,909.13,625.92,149.88,161.14
53.333,935.72,625.92,151.9,161.14
53.5,956.99,625.92,154.07,161.14
53.667,965.59,625.92,155.2,161.14
53.833,978.64,625.92,157.52,161.14
54,986.13,625.92,159.9,161.14
54.167,986.82,625.92,161.1,161.14
54.333,986.82,625.92,163.49,161.14
54.5,980.26,625.92,165.85,161.14
54.667,974.89,625.92,167,161.14
54.833,959.98,625.92,169.22,161.14
55,939.6,625.92,171.32,161.14
55.167,927.4,625.92,172.31,161.14
55.333,899.06,625.92,174.14,161.14
55.5,865.59,625.92,175.76,161.14
55.667,847,625.92,176.47,161.14
55.833,806.22,625.92,177.7,161.14
56,760.85,625.92,178.63,161.14
56.167,736.52,625.92,178.98,161.14
56.333,684.76,625.92,179.41,161.14
56.5,629.09,625.92,179.41,161.14
56.667,599.89,625.92,179.37,161.14
56.833,538.97,625.92,178.85,161.14
57,474.98,625.92,177.91,161.14
57.167,441.94,625.92,177.27,161.14
57.333,374.03,625.92,175.67,161.14
57.5,303.98,625.92,173.6,161.14
57.667,268.28,625.92,172.39,161.14
57.833,195.77,625.92,169.61,161.14
58,122.15,625.92,166.35,161.14
58.167,85.044,625.92,164.54,161.14
58.333,60.249,625.92,160.54,161.14
58.5,60.249,625.92,156.64,161.14
58.667,97.448,625.92,154.87,161.14
58.833,171.37,625.92,151.72,161.14
59,244.3,625.92,149.05,161.14
59.167,280.27,625.92,147.9,161.14
59.333,350.96,625.92,145.96,161.14
59.5,419.63,625.92,144.49,161.14
59.667,453.1,625.92,143.92,161.14
59.833,518.04,625.92,143.1,161.14
60,580.02,625.92,142.71,161.14
60.167,609.8,625.92,142.71,161.14
60.333,666.69,625.92,142.86,161.14
60.5,719.79,625.92,143.41,161.14
60.667,744.82,625.92,143.81,161.14
60.833,791.66,625.92,144.85,161.14
61,833.99,625.92,146.18,161.14
61.167,853.39,625.92,146.94,161.14
61.333,888.51,625.92,148.64,161.14
61.5,918.58,625.92,150.55,161.14
61.667,931.66,625.92,151.57,161.14
61.833,953.82,625.92,153.72,161.14
62,970.55,625.92,155.98,161.14
62.167,976.85,625.92,157.15,161.14
62.333,985.27,625.92,159.52,161.14
62.5,987.37,625.92,161.92,161.14
62.667,987.37,625.92,163.11,161.14
62.833,981.74,625.92,165.48,161.14
63,970.53,625.92,167.77,161.14
63.167,962.84,625.92,168.88,161.14
63.333,943.37,625.92,171,161.14
63.5,918.53,625.92,172.96,161.14
63.667,904.14,625.92,173.87,161.14
63.833,871.52,625.92,175.52,161.14
64,833.93,625.92,176.93,161.14
64.167,813.34,625.92,177.54,161.14
64.333,768.72,625.92,178.52,161.14
64.5,719.72,625.92,179.18,161.14
64.667,693.66,625.92,179.38,161.14
64.833,638.63,625.92,179.38,161.14
65,579.95,625.92,179.26,161.14
65.167,549.35,625.92,178.98,161.14
65.333,485.84,625.92,178.11,161.14
65.5,419.57,625.92,176.81,161.14
65.667,385.51,625.92,175.98,161.14
65.833,315.79,625.92,174,161.14
66,244.26,625.92,171.54,161.14
66.167,207.95,625.92,170.13,161.14
66.333,134.48,625.92,166.95,161.14
66.5,60.236,625.92,163.28,161.14
66.667,22.956,625.92,161.26,161.14
