-0.16667,36.91,36.729,-0.00036984,-0.00036802
0,36.91,36.729,-0.00036984,-0.00036802
0.16667,36.909,36.729,-0.00036983,-0.00036802
0.33333,36.908,36.729,-0.00036982,-0.00036802
0.5,36.907,36.729,-0.00036981,-0.00036802
0.66667,36.906,36.729,-0.0003698,-0.00036802
0.83333,36.905,36.729,-0.00036979,-0.00036802
1,36.904,36.729,-0.00036978,-0.00036802
1.1667,36.904,36.729,-0.00036978,-0.00036802
1.3333,36.903,36.729,-0.00036976,-0.00036802
1.5,36.902,36.729,-0.00036975,-0.00036802
1.6667,36.901,36.729,-0.00036975,-0.00036802
1.8333,36.9,36.729,-0.00036974,-0.00036802
2,36.899,36.729,-0.00036973,-0.00036802
2.1667,36.898,36.729,-0.00036972,-0.00036802
2.3333,36.897,36.729,-0.00036971,-0.00036802
2.5,36.896,36.729,-0.0003697,-0.00036802
2.6667,36.896,36.729,-0.00036969,-0.00036802
2.8333,36.894,36.729,-0.00036968,-0.00036802
3,36.893,36.729,-0.00036967,-0.00036802
3.1667,36.893,36.729,-0.00036967,-0.00036802
3.3333,36.892,36.729,-0.00036965,-0.00036802
3.5,36.891,36.729,-0.00036964,-0.00036802
3.6667,36.89,36.729,-0.00036964,-0.00036802
3.8333,36.889,36.729,-0.00036963,-0.00036802
4,36.888,36.729,-0.00036962,-0.00036802
4.1667,36.887,36.729,-0.00036961,-0.00036802
4.3333,36.886,36.729,-0.0003696,-0.00036802
4.5,36.885,36.729,-0.00036959,-0.00036802
4.6667,36.885,36.729,-0.00036958,-0.00036802
4.8333,36.883,36.729,-0.00036957,-0.00036802
5,36.882,36.729,-0.00036956,-0.00036802
5.1667,36.882,36.729,-0.00036956,-0.00036802
5.3333,36.881,36.729,-0.00036955,-0.00036802
5.5,36.88,36.729,-0.00036953,-0.00036802
5.6667,36.879,36.729,-0.00036953,-0.00036802
5.8333,36.878,36.729,-0.00036952,-0.00036802
6,36.877,36.729,-0.00036951,-0.00036802
6.1667,36.876,36.729,-0.0003695,-0.00036802
6.3333,36.875,36.729,-0.00036949,-0.00036802
6.5,36.874,36.729,-0.00036948,-0.00036802
6.6667,36.874,36.729,-0.00036947,-0.00036802
6.8333,36.873,36.729,-0.00036946,-0.00036802
7,36.871,36.729,-0.00036945,-0.00036802
7.1667,36.871,36.729,-0.00036945,-0.00036802
7.3333,36.87,36.729,-0.00036944,-0.00036802
7.5,36.869,36.729,-0.00036942,-0.00036802
7.6667,36.868,36.729,-0.00036942,-0.00036802
7.8333,36.867,36.729,-0.00036941,-0.00036802
8,36.866,36.729,-0.0003694,-0.00036802
8.1667,36.865,36.729,-0.00036939,-0.00036802
8.3333,36.863,36.729,-0.00036937,-0.00036802
8.5,36.863,36.729,-0.00036936,-0.00036802
8.6667,36.863,36.729,-0.00036936,-0.00036802
8.8333,36.862,36.729,-0.00036935,-0.00036802
9,36.861,36.729,-0.00036934,-0.00036802
9.1667,36.86,36.729,-0.00036934,-0.00036802
9.3333,36.859,36.729,-0.00036933,-0.00036802
9.5,36.858,36.729,-0.00036932,-0.00036802
9.6667,36.857,36.729,-0.00036931,-0.00036802
9.8333,36.856,36.729,-0.0003693,-0.00036802
10,36.855,36.729,-0.00036929,-0.00036802
10.167,36.855,36.729,-0.00036928,-0.00036802
10.333,36.853,36.729,-0.00036927,-0.00036802
10.5,36.852,36.729,-0.00036926,-0.00036802
10.667,36.852,36.729,-0.00036926,-0.00036802
10.833,36.851,36.729,-0.00036924,-0.00036802
11,36.85,36.729,-0.00036923,-0.00036802
11.167,36.849,36.729,-0.00036923,-0.00036802
11.333,36.848,36.729,-0.00036922,-0.00036802
11.5,36.847,36.729,-0.00036921,-0.00036802
11.667,36.846,36.729,-0.0003692,-0.00036802
11.833,36.845,36.729,-0.00036919,-0.00036802
12,36.844,36.729,-0.00036918,-0.00036802
12.167,36.844,36.729,-0.00036917,-0.00036802
12.333,36.843,36.729,-0.00036916,-0.00036802
12.5,36.841,36.729,-0.00036915,-0.00036802
12.667,36.841,36.729,-0.00036915,-0.00036802
12.833,36.84,36.729,-0.00036914,-0.00036802
13,36.839,36.729,-0.00036912,-0.00036802
13.167,36.838,36.729,-0.00036912,-0.00036802
13.333,36.837,36.729,-0.00036911,-0.00036802
13.5,36.836,36.729,-0.0003691,-0.00036802
13.667,36.835,36.729,-0.00036909,-0.00036802
13.833,36.834,36.729,-0.00036908,-0.00036802
14,36.833,36.729,-0.00036907,-0.00036802
14.167,36.833,36.729,-0.00036906,-0.00036802
14.333,36.832,36.729,-0.00036905,-0.00036802
14.5,36.831,36.729,-0.00036904,-0.00036802
14.667,36.83,36.729,-0.00036904,-0.00036802
14.833,36.829,36.729,-0.00036903,-0.00036802
15,36.828,36.729,-0.00036902,-0.00036802
15.167,36.827,36.729,-0.00036901,-0.00036802
15.333,36.826,36.729,-0.000369,-0.00036802
15.5,36.825,36.729,-0.00036899,-0.00036802
15.667,36.825,36.729,-0.00036898,-0.00036802
15.833,36.824,36.729,-0.00036897,-0.00036802
16,36.822,36.729,-0.00036896,-0.00036802
16.167,36.822,36.729,-0.00036896,-0.00036802
16.333,36.821,36.729,-0.00036894,-0.00036802
16.5,36.82,36.729,-0.00036893,-0.00036802
16.667,36.819,36.729,-0.00036893,-0.00036802
16.833,36.818,36.729,-0.00036892,-0.00036802
17,36.817,36.729,-0.00036891,-0.00036802
17.167,36.816,36.729,-0.0003689,-0.00036802
17.333,36.815,36.729,-0.00036889,-0.00036802
17.5,36.814,36.729,-0.00036888,-0.00036802
17.667,36.814,36.729,-0.00036887,-0.00036802
17.833,36.813,36.729,-0.00036886,-0.00036802
18,36.812,36.729,-0.00036885,-0.00036802
18.167,36.811,36.729,-0.00036885,-0.00036802
18.333,36.81,36.729,-0.00036884,-0.00036802
18.5,36.809,36.729,-0.00036882,-0.00036802
18.667,36.808,36.729,-0.00036882,-0.00036802
18.833,36.807,36.729,-0.00036881,-0.00036802
19,36.806,36.729,-0.0003688,-0.00036802
19.167,36.806,36.729,-0.00036879,-0.00036802
19.333,36.804,36.729,-0.00036878,-0.00036802
19.5,36.803,36.729,-0.00036877,-0.00036802
19.667,36.803,36.729,-0.00036876,-0.00036802
19.833,36.802,36.729,-0.00036875,-0.00036802
20,36.801,36.729,-0.00036874,-0.00036802
20.167,36.8,36.729,-0.00036874,-0.00036802
20.333,36.799,36.729,-0.00036873,-0.00036802
20.5,36.798,36.729,-0.00036871,-0.00036802
20.667,36.797,36.729,-0.00036871,-0.00036802
20.833,36.796,36.729,-0.0003687,-0.00036802
21,36.795,36.729,-0.00036869,-0.00036802
21.167,36.795,36.729,-0.00036868,-0.00036802
21.333,36.794,36.729,-0.00036867,-0.00036802
21.5,36.792,36.729,-0.00036866,-0.00036802
21.667,36.792,36.729,-0.00036865,-0.00036802
21.833,36.791,36.729,-0.00036864,-0.00036802
22,36.79,36.729,-0.00036863,-0.00036802
22.167,36.789,36.729,-0.00036863,-0.00036802
22.333,36.788,36.729,-0.00036862,-0.00036802
22.5,36.787,36.729,-0.00036861,-0.00036802
22.667,36.786,36.729,-0.0003686,-0.00036802
22.833,36.785,36.729,-0.00036859,-0.00036802
23,36.784,36.729,-0.00036858,-0.00036802
23.167,36.784,36.729,-0.00036857,-0.00036802
23.333,36.783,36.729,-0.00036856,-0.00036802
23.5,36.782,36.729,-0.00036855,-0.00036802
23.667,36.781,36.729,-0.00036855,-0.00036802
23.833,36.78,36.729,-0.00036854,-0.00036802
24,36.779,36.729,-0.00036852,-0.00036802
24.167,36.778,36.729,-0.00036852,-0.00036802
24.333,36.777,36.729,-0.00036851,-0.00036802
24.5,36.776,36.729,-0.0003685,-0.00036802
24.667,36.776,36.729,-0.00036849,-0.00036802
24.833,36.775,36.729,-0.00036848,-0.00036802
25,36.773,36.729,-0.00036847,-0.00036802
25.167,36.773,36.729,-0.00036846,-0.00036802
25.333,36.772,36.729,-0.00036845,-0.00036802
25.5,36.771,36.729,-0.00036844,-0.00036802
25.667,36.77,36.729,-0.00036844,-0.00036802
25.833,36.769,36.729,-0.00036843,-0.00036802
26,36.768,36.729,-0.00036842,-0.00036802
26.167,36.767,36.729,-0.00036841,-0.00036802
26.333,36.766,36.729,-0.0003684,-0.00036802
26.5,36.765,36.729,-0.00036839,-0.00036802
26.667,36.765,36.729,-0.00036838,-0.00036802
26.833,36.764,36.729,-0.00036837,-0.00036802
27,36.763,36.729,-0.00036836,-0.00036802
27.167,36.762,36.729,-0.00036836,-0.00036802
27.333,36.761,36.729,-0.00036834,-0.00036802
27.5,36.76,36.729,-0.00036833,-0.00036802
27.667,36.759,36.729,-0.00036833,-0.00036802
27.833,36.758,36.729,-0.00036832,-0.00036802
28,36.757,36.729,-0.00036831,-0.00036802
28.167,36.757,36.729,-0.0003683,-0.00036802
28.333,36.755,36.729,-0.00036829,-0.00036802
28.5,36.754,36.729,-0.00036828,-0.00036802
28.667,36.754,36.729,-0.00036827,-0.00036802
28.833,36.753,36.729,-0.00036826,-0.00036802
29,36.752,36.729,-0.00036825,-0.00036802
29.167,36.751,36.729,-0.00036825,-0.00036802
29.333,36.75,36.729,-0.00036824,-0.00036802
29.5,36.749,36.729,-0.00036822,-0.00036802
29.667,36.748,36.729,-0.00036822,-0.00036802
29.833,36.747,36.729,-0.00036821,-0.00036802
30,36.746,36.729,-0.0003682,-0.00036802
30.167,36.746,36.729,-0.00036819,-0.00036802
30.333,36.745,36.729,-0.00036818,-0.00036802
30.5,36.744,36.729,-0.00036817,-0.00036802
30.667,36.743,36.729,-0.00036816,-0.00036802
30.833,36.742,36.729,-0.00036815,-0.00036802
31,36.741,36.729,-0.00036814,-0.00036802
31.167,36.74,36.729,-0.00036814,-0.00036802
31.333,36.739,36.729,-0.00036813,-0.00036802
31.5,36.738,36.729,-0.00036812,-0.00036802
31.667,36.738,36.729,-0.00036811,-0.00036802
31.833,36.736,36.729,-0.0003681,-0.00036802
32,36.735,36.729,-0.00036809,-0.00036802
32.167,36.735,36.729,-0.00036808,-0.00036802
32.333,36.734,36.729,-0.00036807,-0.00036802
32.5,36.733,36.729,-0.00036806,-0.00036802
32.667,36.732,36.729,-0.00036806,-0.00036802
32.833,36.731,36.729,-0.00036804,-0.00036802
33,36.73,36.729,-0.00036803,-0.00036802
33.167,36.729,36.729,-0.00036803,-0.00036802
33.333,36.728,36.729,-0.00036802,-0.00036802
33.5,36.727,36.729,-0.00036801,-0.00036802
33.667,36.727,36.729,-0.000368,-0.00036802
33.833,36.726,36.729,-0.00036799,-0.00036802
34,36.724,36.729,-0.00036798,-0.00036802
34.167,36.724,36.729,-0.00036797,-0.00036802
34.333,36.723,36.729,-0.00036796,-0.00036802
34.5,36.722,36.729,-0.00036795,-0.00036802
34.667,36.721,36.729,-0.00036795,-0.00036802
34.833,36.72,36.729,-0.00036794,-0.00036802
35,36.719,36.729,-0.00036793,-0.00036802
35.167,36.719,36.729,-0.00036792,-0.00036802
35.333,36.717,36.729,-0.00036791,-0.00036802
35.5,36.716,36.729,-0.0003679,-0.00036802
35.667,36.716,36.729,-0.00036789,-0.00036802
35.833,36.715,36.729,-0.00036788,-0.00036802
36,36.714,36.729,-0.00036787,-0.00036802
36.167,36.713,36.729,-0.00036787,-0.00036802
36.333,36.712,36.729,-0.00036785,-0.00036802
36.5,36.711,36.729,-0.00036784,-0.00036802
36.667,36.71,36.729,-0.00036784,-0.00036802
36.833,36.709,36.729,-0.00036783,-0.00036802
37,36.708,36.729,-0.00036782,-0.00036802
37.167,36.708,36.729,-0.00036781,-0.00036802
37.333,36.707,36.729,-0.0003678,-0.00036802
37.5,36.705,36.729,-0.00036779,-0.00036802
37.667,36.705,36.729,-0.00036778,-0.00036802
37.833,36.704,36.729,-0.00036777,-0.00036802
38,36.703,36.729,-0.00036776,-0.00036802
38.167,36.702,36.729,-0.00036776,-0.00036802
38.333,36.701,36.729,-0.00036775,-0.00036802
38.5,36.7,36.729,-0.00036773,-0.00036802
38.667,36.7,36.729,-0.00036773,-0.00036802
38.833,36.698,36.729,-0.00036772,-0.00036802
39,36.697,36.729,-0.00036771,-0.00036802
39.167,36.697,36.729,-0.0003677,-0.00036802
39.333,36.696,36.729,-0.00036769,-0.00036802
39.5,36.695,36.729,-0.00036768,-0.00036802
39.667,36.694,36.729,-0.00036767,-0.00036802
39.833,36.693,36.729,-0.00036766,-0.00036802
40,36.692,36.729,-0.00036765,-0.00036802
40.167,36.691,36.729,-0.00036765,-0.00036802
40.333,36.69,36.729,-0.00036764,-0.00036802
40.5,36.689,36.729,-0.00036763,-0.00036802
40.667,36.689,36.729,-0.00036762,-0.00036802
40.833,36.688,36.729,-0.00036761,-0.00036802
41,36.687,36.729,-0.0003676,-0.00036802
41.167,36.686,36.729,-0.00036759,-0.00036802
41.333,36.685,36.729,-0.00036758,-0.00036802
41.5,36.684,36.729,-0.00036757,-0.00036802
41.667,36.683,36.729,-0.00036757,-0.00036802
41.833,36.682,36.729,-0.00036756,-0.00036802
42,36.681,36.729,-0.00036754,-0.00036802
42.167,36.681,36.729,-0.00036754,-0.00036802
42.333,36.679,36.729,-0.00036753,-0.00036802
42.5,36.678,36.729,-0.00036752,-0.00036802
42.667,36.678,36.729,-0.00036751,-0.00036802
42.833,36.677,36.729,-0.0003675,-0.00036802
43,36.676,36.729,-0.00036749,-0.00036802
43.167,36.675,36.729,-0.00036748,-0.00036802
43.333,36.674,36.729,-0.00036747,-0.00036802
43.5,36.673,36.729,-0.00036746,-0.00036802
43.667,36.672,36.729,-0.00036746,-0.00036802
43.833,36.671,36.729,-0.00036745,-0.00036802
44,36.67,36.729,-0.00036744,-0.00036802
44.167,36.67,36.729,-0.00036743,-0.00036802
44.333,36.669,36.729,-0.00036742,-0.00036802
44.5,36.668,36.729,-0.00036741,-0.00036802
44.667,36.667,36.729,-0.0003674,-0.00036802
44.833,36.666,36.729,-0.00036739,-0.00036802
45,36.665,36.729,-0.00036738,-0.00036802
45.167,36.664,36.729,-0.00036738,-0.00036802
45.333,36.663,36.729,-0.00036737,-0.00036802
45.5,36.662,36.729,-0.00036735,-0.00036802
45.667,36.662,36.729,-0.00036735,-0.00036802
45.833,36.66,36.729,-0.00036734,-0.00036802
46,36.659,36.729,-0.00036733,-0.00036802
46.167,36.659,36.729,-0.00036732,-0.00036802
46.333,36.658,36.729,-0.00036731,-0.00036802
46.5,36.657,36.729,-0.0003673,-0.00036802
46.667,36.656,36.729,-0.00036729,-0.00036802
46.833,36.655,36.729,-0.00036728,-0.00036802
47,36.654,36.729,-0.00036727,-0.00036802
47.167,36.653,36.729,-0.00036727,-0.00036802
47.333,36.652,36.729,-0.00036726,-0.00036802
47.5,36.651,36.729,-0.00036725,-0.00036802
47.667,36.651,36.729,-0.00036724,-0.00036802
47.833,36.65,36.729,-0.00036723,-0.00036802
48,36.649,36.729,-0.00036722,-0.00036802
48.167,36.648,36.729,-0.00036721,-0.00036802
48.333,36.647,36.729,-0.0003672,-0.00036802
48.5,36.646,36.729,-0.00036719,-0.00036802
48.667,36.645,36.729,-0.00036719,-0.00036802
48.833,36.644,36.729,-0.00036718,-0.00036802
49,36.643,36.729,-0.00036716,-0.00036802
49.167,36.643,36.729,-0.00036716,-0.00036802
49.333,36.642,36.729,-0.00036715,-0.00036802
49.5,36.64,36.729,-0.00036714,-0.00036802
49.667,36.64,36.729,-0.00036713,-0.00036802
49.833,36.639,36.729,-0.00036712,-0.00036802
50,36.638,36.729,-0.00036711,-0.00036802
50.167,36.637,36.729,-0.0003671,-0.00036802
50.333,36.636,36.729,-0.00036709,-0.00036802
50.5,36.635,36.729,-0.00036708,-0.00036802
50.667,36.634,36.729,-0.00036708,-0.00036802
50.833,36.633,36.729,-0.00036707,-0.00036802
51,36.632,36.729,-0.00036706,-0.00036802
51.167,36.632,36.729,-0.00036705,-0.00036802
51.333,36.631,36.729,-0.00036704,-0.00036802
51.5,36.63,36.729,-0.00036703,-0.00036802
51.667,36.629,36.729,-0.00036702,-0.00036802
51.833,36.628,36.729,-0.00036701,-0.00036802
52,36.627,36.729,-0.000367,-0.00036802
52.167,36.626,36.729,-0.000367,-0.00036802
52.333,36.625,36.729,-0.00036699,-0.00036802
52.5,36.624,36.729,-0.00036697,-0.00036802
52.667,36.624,36.729,-0.00036697,-0.00036802
52.833,36.623,36.729,-0.00036696,-0.00036802
53,36.621,36.729,-0.00036695,-0.00036802
53.167,36.621,36.729,-0.00036694,-0.00036802
53.333,36.62,36.729,-0.00036693,-0.00036802
53.5,36.619,36.729,-0.00036692,-0.00036802
53.667,36.618,36.729,-0.00036691,-0.00036802
53.833,36.617,36.729,-0.0003669,-0.00036802
54,36.616,36.729,-0.00036689,-0.00036802
54.167,36.616,36.729,-0.00036689,-0.00036802
54.333,36.614,36.729,-0.00036688,-0.00036802
54.5,36.613,36.729,-0.00036687,-0.00036802
54.667,36.613,36.729,-0.00036686,-0.00036802
54.833,36.612,36.729,-0.00036685,-0.00036802
55,36.611,36.729,-0.00036684,-0.00036802
55.167,36.61,36.729,-0.00036683,-0.00036802
55.333,36.609,36.729,-0.00036682,-0.00036802
55.5,36.608,36.729,-0.00036681,-0.00036802
55.667,36.607,36.729,-0.00036681,-0.00036802
55.833,36.606,36.729,-0.0003668,-0.00036802
56,36.605,36.729,-0.00036678,-0.00036802
56.167,36.605,36.729,-0.00036678,-0.00036802
56.333,36.604,36.729,-0.00036677,-0.00036802
56.5,36.603,36.729,-0.00036676,-0.00036802
56.667,36.602,36.729,-0.00036675,-0.00036802
56.833,36.601,36.729,-0.00036674,-0.00036802
57,36.6,36.729,-0.00036673,-0.00036802
57.167,36.599,36.729,-0.00036673,-0.00036802
57.333,36.598,36.729,-0.00036671,-0.00036802
57.5,36.597,36.729,-0.0003667,-0.00036802
57.667,36.597,36.729,-0.0003667,-0.00036802
57.833,36.596,36.729,-0.00036669,-0.00036802
58,36.594,36.729,-0.00036668,-0.00036802
58.167,36.594,36.729,-0.00036667,-0.00036802
58.333,36.592,36.729,-0.00036665,-0.00036802
58.5,36.591,36.729,-0.00036664,-0.00036802
58.667,36.591,36.729,-0.00036664,-0.00036802
58.833,36.59,36.729,-0.00036663,-0.00036802
59,36.589,36.729,-0.00036662,-0.00036802
59.167,36.589,36.729,-0.00036662,-0.00036802
59.333,36.587,36.729,-0.00036661,-0.00036802
59.5,36.586,36.729,-0.0003666,-0.00036802
59.667,36.586,36.729,-0.00036659,-0.00036802
59.833,36.585,36.729,-0.00036658,-0.00036802
60,36.584,36.729,-0.00036657,-0.00036802
60.167,36.583,36.729,-0.00036656,-0.00036802
60.333,36.582,36.729,-0.00036655,-0.00036802
60.5,36.581,36.729,-0.00036654,-0.00036802
60.667,36.58,36.729,-0.00036654,-0.00036802
60.833,36.579,36.729,-0.00036652,-0.00036802
61,36.578,36.729,-0.00036651,-0.00036802
61.167,36.578,36.729,-0.00036651,-0.00036802
61.333,36.577,36.729,-0.0003665,-0.00036802
61.5,36.576,36.729,-0.00036649,-0.00036802
61.667,36.575,36.729,-0.00036648,-0.00036802
61.833,36.574,36.729,-0.00036647,-0.00036802
62,36.573,36.729,-0.00036646,-0.00036802
62.167,36.572,36.729,-0.00036645,-0.00036802
62.333,36.571,36.729,-0.00036644,-0.00036802
62.5,36.57,36.729,-0.00036643,-0.00036802
62.667,36.57,36.729,-0.00036643,-0.00036802
62.833,36.569,36.729,-0.00036642,-0.00036802
63,36.567,36.729,-0.00036641,-0.00036802
63.167,36.567,36.729,-0.0003664,-0.00036802
63.333,36.566,36.729,-0.00036639,-0.00036802
63.5,36.565,36.729,-0.00036638,-0.00036802
63.667,36.564,36.729,-0.00036637,-0.00036802
63.833,36.563,36.729,-0.00036636,-0.00036802
64,36.562,36.729,-0.00036635,-0.00036802
64.167,36.562,36.729,-0.00036635,-0.00036802
64.333,36.56,36.729,-0.00036634,-0.00036802
64.5,36.559,36.729,-0.00036632,-0.00036802
64.667,36.559,36.729,-0.00036632,-0.00036802
64.833,36.558,36.729,-0.00036631,-0.00036802
65,36.557,36.729,-0.0003663,-0.00036802
65.167,36.556,36.729,-0.00036629,-0.00036802
65.333,36.555,36.729,-0.00036628,-0.00036802
65.5,36.554,36.729,-0.00036627,-0.00036802
65.667,36.553,36.729,-0.00036627,-0.00036802
65.833,36.552,36.729,-0.00036625,-0.00036802
66,36.551,36.729,-0.00036624,-0.00036802
66.167,36.551,36.729,-0.00036624,-0.00036802
66.333,36.55,36.729,-0.00036623,-0.00036802
66.5,36.549,36.729,-0.00036622,-0.00036802
66.667,36.548,36.729,-0.00036621,-0.00036802
