-0.16667,0,544.39,130.77,125.71
0,-1.8615,544.39,130.77,125.71
0.16667,-39.171,544.39,128.82,125.71
0.33333,-113.58,544.39,124.55,125.71
0.5,-187.35,544.39,119.79,125.71
0.66667,-223.86,544.39,117.23,125.71
0.83333,-295.89,544.39,111.76,125.71
1,-366.25,544.39,105.83,125.71
1.1667,-400.68,544.39,102.7,125.71
1.3333,-400.68,544.39,96.101,125.71
1.5,528.68,544.39,96.005,125.71
1.6667,559.8,544.39,96.005,125.71
1.8333,619.62,544.39,96.451,125.71
2,675.91,544.39,97.277,125.71
2.1667,702.62,544.39,97.824,125.71
2.3333,753.02,544.39,99.171,125.71
2.5,799.13,544.39,100.83,125.71
2.6667,820.49,544.39,101.77,125.71
2.8333,859.67,544.39,103.84,125.71
3,893.97,544.39,106.14,125.71
3.1667,909.21,544.39,107.37,125.71
3.3333,935.81,544.39,109.96,125.71
3.5,957.07,544.39,112.69,125.71
3.6667,965.67,544.39,114.1,125.71
3.8333,978.72,544.39,116.99,125.71
4,986.21,544.39,119.93,125.71
4.1667,986.9,544.39,121.41,125.71
4.3333,986.9,544.39,124.36,125.71
4.5,980.34,544.39,127.27,125.71
4.6667,974.96,544.39,128.7,125.71
4.8333,960.05,544.39,131.48,125.71
5,939.68,544.39,134.14,125.71
5.1667,927.48,544.39,135.4,125.71
5.3333,899.13,544.39,137.79,125.71
5.5,865.66,544.39,139.96,125.71
5.6667,847.07,544.39,140.96,125.71
5.8333,806.29,544.39,142.74,125.71
6,760.92,544.39,144.22,125.71
6.1667,736.59,544.39,144.84,125.71
6.3333,684.83,544.39,145.83,125.71
6.5,629.16,544.39,146.45,125.71
6.6667,599.96,544.39,146.61,125.71
6.8333,539.04,544.39,146.61,125.71
7,475.04,544.39,146.24,125.71
7.1667,442.01,544.39,145.88,125.71
7.3333,374.09,544.39,144.82,125.71
7.5,304.04,544.39,143.3,125.71
7.6667,268.34,544.39,142.36,125.71
7.8333,195.83,544.39,140.13,125.71
8,122.21,544.39,137.41,125.71
8.1667,85.101,544.39,135.87,125.71
8.3333,10.576,544.39,132.41,125.71
8.5,-64.02,544.39,128.47,125.71
8.6667,-101.21,544.39,126.31,125.71
8.8333,-175.12,544.39,121.63,125.71
9,-248.04,544.39,116.48,125.71
9.1667,-284,544.39,113.72,125.71
9.3333,-354.66,544.39,107.87,125.71
9.5,-423.32,544.39,101.56,125.71
9.6667,-423.32,544.39,98.242,125.71
9.8333,518.13,544.39,98.175,125.71
10,580.11,544.39,98.175,125.71
10.167,609.88,544.39,98.412,125.71
10.333,666.78,544.39,99.173,125.71
10.5,719.88,544.39,100.29,125.71
10.667,744.91,544.39,100.98,125.71
10.833,791.75,544.39,102.58,125.71
11,834.08,544.39,104.48,125.71
11.167,853.47,544.39,105.52,125.71
11.333,888.6,544.39,107.78,125.71
11.5,918.66,544.39,110.25,125.71
11.667,931.74,544.39,111.55,125.71
11.833,953.9,544.39,114.26,125.71
12,970.63,544.39,117.09,125.71
12.167,976.93,544.39,118.53,125.71
12.333,985.34,544.39,121.46,125.71
12.5,987.44,544.39,124.42,125.71
12.667,987.44,544.39,125.89,125.71
12.833,981.82,544.39,128.81,125.71
13,970.6,544.39,131.66,125.71
13.167,962.92,544.39,133.04,125.71
13.333,943.44,544.39,135.72,125.71
13.5,918.6,544.39,138.23,125.71
13.667,904.21,544.39,139.41,125.71
13.833,871.59,544.39,141.62,125.71
14,834,544.39,143.58,125.71
14.167,813.41,544.39,144.46,125.71
14.333,768.79,544.39,145.99,125.71
14.5,719.78,544.39,147.2,125.71
14.667,693.73,544.39,147.68,125.71
14.833,638.69,544.39,148.36,125.71
15,580.01,544.39,148.64,125.71
15.167,549.41,544.39,148.64,125.71
15.333,485.9,544.39,148.32,125.71
15.5,419.63,544.39,147.55,125.71
15.667,385.57,544.39,147,125.71
15.833,315.84,544.39,145.55,125.71
16,244.32,544.39,143.64,125.71
16.167,208,544.39,142.5,125.71
16.333,134.53,544.39,139.86,125.71
16.5,60.289,544.39,136.73,125.71
16.667,23.009,544.39,134.98,125.71
16.833,-51.604,544.39,131.11,125.71
17,-125.93,544.39,126.75,125.71
17.167,-162.86,544.39,124.39,125.71
17.333,-235.97,544.39,119.31,125.71
17.5,-307.75,544.39,113.76,125.71
17.667,-343.02,544.39,110.81,125.71
17.833,-412.04,544.39,104.58,125.71
18,-412.04,544.39,97.903,125.71
18.167,507.5,544.39,97.903,125.71
18.333,570,544.39,97.908,125.71
18.5,629.25,544.39,98.415,125.71
18.667,657.55,544.39,98.812,125.71
18.833,711.31,544.39,99.873,125.71
19,761.01,544.39,101.27,125.71
19.167,784.25,544.39,102.09,125.71
19.333,827.34,544.39,103.93,125.71
19.5,865.73,544.39,106.04,125.71
19.667,883.09,544.39,107.18,125.71
19.833,914.01,544.39,109.62,125.71
20,939.72,544.39,112.23,125.71
20.167,950.58,544.39,113.59,125.71
20.333,968.22,544.39,116.4,125.71
20.5,980.35,544.39,119.3,125.71
20.667,984.33,544.39,120.77,125.71
20.833,986.19,544.39,123.72,125.71
21,986.19,544.39,126.66,125.71
21.167,983.15,544.39,128.12,125.71
21.333,972.86,544.39,130.98,125.71
21.5,957.03,544.39,133.74,125.71
21.667,947.07,544.39,135.08,125.71
21.833,923.11,544.39,137.62,125.71
22,893.9,544.39,139.97,125.71
22.167,877.37,544.39,141.06,125.71
22.333,840.6,544.39,143.07,125.71
22.5,799.04,544.39,144.8,125.71
22.667,776.53,544.39,145.55,125.71
22.833,728.24,544.39,146.82,125.71
23,675.81,544.39,147.74,125.71
23.167,648.12,544.39,148.07,125.71
23.333,590.03,544.39,148.38,125.71
23.5,528.57,544.39,148.38,125.71
23.667,496.69,544.39,148.2,125.71
23.833,430.85,544.39,147.51,125.71
24,362.55,544.39,146.37,125.71
24.167,327.6,544.39,145.63,125.71
24.333,256.35,544.39,143.79,125.71
24.5,183.62,544.39,141.47,125.71
24.667,146.84,544.39,140.13,125.71
24.833,72.699,544.39,137.08,125.71
25,-1.8671,544.39,133.54,125.71
25.167,-39.176,544.39,131.59,125.71
25.333,-113.58,544.39,127.31,125.71
25.5,-187.35,544.39,122.55,125.71
25.667,-223.87,544.39,119.99,125.71
25.833,-295.9,544.39,114.52,125.71
26,-366.26,544.39,108.59,125.71
26.167,-400.69,544.39,105.45,125.71
26.333,-400.69,544.39,98.846,125.71
26.5,528.67,544.39,98.744,125.71
26.667,559.8,544.39,98.744,125.71
26.833,619.62,544.39,99.185,125.71
27,675.9,544.39,100.01,125.71
27.167,702.62,544.39,100.55,125.71
27.333,753.01,544.39,101.89,125.71
27.5,799.12,544.39,103.55,125.71
27.667,820.48,544.39,104.48,125.71
27.833,859.67,544.39,106.55,125.71
28,893.96,544.39,108.85,125.71
28.167,909.21,544.39,110.07,125.71
28.333,935.8,544.39,112.66,125.71
28.5,957.07,544.39,115.39,125.71
28.667,965.66,544.39,116.79,125.71
28.833,978.72,544.39,119.68,125.71
29,986.2,544.39,122.61,125.71
29.167,986.9,544.39,124.09,125.71
29.333,986.9,544.39,127.04,125.71
29.5,980.33,544.39,129.94,125.71
29.667,974.96,544.39,131.37,125.71
29.833,960.05,544.39,134.15,125.71
30,939.67,544.39,136.8,125.71
30.167,927.47,544.39,138.06,125.71
30.333,899.12,544.39,140.45,125.71
30.5,865.66,544.39,142.61,125.71
30.667,847.06,544.39,143.6,125.71
30.833,806.29,544.39,145.38,125.71
31,760.91,544.39,146.86,125.71
31.167,736.59,544.39,147.48,125.71
31.333,684.82,544.39,148.46,125.71
31.5,629.15,544.39,149.07,125.71
31.667,599.95,544.39,149.24,125.71
31.833,539.03,544.39,149.24,125.71
32,475.04,544.39,148.86,125.71
32.167,442,544.39,148.49,125.71
32.333,374.09,544.39,147.43,125.71
32.5,304.04,544.39,145.9,125.71
32.667,268.33,544.39,144.96,125.71
32.833,195.83,544.39,142.72,125.71
33,122.2,544.39,140,125.71
33.167,85.096,544.39,138.45,125.71
33.333,10.57,544.39,135,125.71
33.5,-64.025,544.39,131.05,125.71
33.667,-101.22,544.39,128.89,125.71
33.833,-175.12,544.39,124.21,125.71
34,-248.04,544.39,119.05,125.71
34.167,-284,544.39,116.29,125.71
34.333,-354.67,544.39,110.43,125.71
34.5,-423.33,544.39,104.12,125.71
34.667,-423.33,544.39,100.8,125.71
34.833,518.13,544.39,97.479,125.71
35,580.11,544.39,97.479,125.71
35.167,609.89,544.39,97.717,125.71
35.333,666.78,544.39,98.478,125.71
35.5,719.88,544.39,99.599,125.71
35.667,744.91,544.39,100.29,125.71
35.833,791.75,544.39,101.89,125.71
36,834.08,544.39,103.79,125.71
36.167,853.47,544.39,104.83,125.71
36.333,888.6,544.39,107.09,125.71
36.5,918.66,544.39,109.56,125.71
36.667,931.74,544.39,110.86,125.71
36.833,953.9,544.39,113.57,125.71
37,970.63,544.39,116.4,125.71
37.167,976.93,544.39,117.85,125.71
37.333,985.35,544.39,120.78,125.71
37.5,987.45,544.39,123.73,125.71
37.667,987.45,544.39,125.21,125.71
37.833,981.82,544.39,128.12,125.71
38,970.6,544.39,130.97,125.71
38.167,962.92,544.39,132.36,125.71
38.333,943.45,544.39,135.03,125.71
38.5,918.6,544.39,137.55,125.71
38.667,904.21,544.39,138.73,125.71
38.833,871.59,544.39,140.94,125.71
39,834,544.39,142.9,125.71
39.167,813.41,544.39,143.78,125.71
39.333,768.79,544.39,145.31,125.71
39.5,719.79,544.39,146.52,125.71
39.667,693.73,544.39,147,125.71
39.833,638.69,544.39,147.68,125.71
40,580.01,544.39,147.97,125.71
40.167,549.41,544.39,147.97,125.71
40.333,485.9,544.39,147.64,125.71
40.5,419.63,544.39,146.88,125.71
40.667,385.57,544.39,146.33,125.71
40.833,315.84,544.39,144.88,125.71
41,244.32,544.39,142.97,125.71
41.167,208,544.39,141.83,125.71
41.333,134.53,544.39,139.19,125.71
41.5,60.29,544.39,136.06,125.71
41.667,23.01,544.39,134.31,125.71
41.833,-51.603,544.39,130.44,125.71
42,-125.93,544.39,126.09,125.71
42.167,-162.86,544.39,123.73,125.71
42.333,-235.97,544.39,118.65,125.71
42.5,-307.75,544.39,113.1,125.71
42.667,-343.02,544.39,110.15,125.71
42.833,-412.04,544.39,103.91,125.71
43,-412.04,544.39,97.241,125.71
43.167,507.5,544.39,97.241,125.71
43.333,570,544.39,97.247,125.71
43.5,629.25,544.39,97.755,125.71
43.667,657.56,544.39,98.152,125.71
43.833,711.31,544.39,99.215,125.71
44,761.01,544.39,100.61,125.71
44.167,784.25,544.39,101.43,125.71
44.333,827.35,544.39,103.28,125.71
44.5,865.73,544.39,105.39,125.71
44.667,883.09,544.39,106.53,125.71
44.833,914.01,544.39,108.97,125.71
45,939.72,544.39,111.58,125.71
45.167,950.58,544.39,112.94,125.71
45.333,968.22,544.39,115.75,125.71
45.5,980.36,544.39,118.65,125.71
45.667,984.33,544.39,120.11,125.71
45.833,986.19,544.39,123.07,125.71
46,986.19,544.39,126.01,125.71
46.167,983.15,544.39,127.47,125.71
46.333,972.86,544.39,130.33,125.71
46.5,957.03,544.39,133.1,125.71
46.667,947.07,544.39,134.43,125.71
46.833,923.11,544.39,136.97,125.71
47,893.9,544.39,139.33,125.71
47.167,877.37,544.39,140.42,125.71
47.333,840.6,544.39,142.42,125.71
47.5,799.04,544.39,144.16,125.71
47.667,776.54,544.39,144.91,125.71
47.833,728.25,544.39,146.18,125.71
48,675.81,544.39,147.1,125.71
48.167,648.13,544.39,147.43,125.71
48.333,590.03,544.39,147.74,125.71
48.5,528.57,544.39,147.74,125.71
48.667,496.69,544.39,147.56,125.71
48.833,430.85,544.39,146.87,125.71
49,362.55,544.39,145.73,125.71
49.167,327.6,544.39,144.99,125.71
49.333,256.35,544.39,143.15,125.71
49.5,183.63,544.39,140.84,125.71
49.667,146.84,544.39,139.5,125.71
49.833,72.701,544.39,136.45,125.71
50,-1.8658,544.39,132.91,125.71
50.167,-39.175,544.39,130.96,125.71
50.333,-113.58,544.39,126.68,125.71
50.5,-187.35,544.39,121.93,125.71
50.667,-223.87,544.39,119.37,125.71
50.833,-295.9,544.39,113.89,125.71
51,-366.26,544.39,107.96,125.71
51.167,-400.69,544.39,104.82,125.71
51.333,-400.69,544.39,98.221,125.71
51.5,528.67,544.39,98.12,125.71
51.667,559.8,544.39,98.12,125.71
51.833,619.62,544.39,98.562,125.71
52,675.9,544.39,99.384,125.71
52.167,702.62,544.39,99.93,125.71
52.333,753.02,544.39,101.27,125.71
52.5,799.12,544.39,102.93,125.71
52.667,820.48,544.39,103.86,125.71
52.833,859.67,544.39,105.93,125.71
53,893.96,544.39,108.23,125.71
53.167,909.21,544.39,109.46,125.71
53.333,935.8,544.39,112.04,125.71
53.5,957.07,544.39,114.77,125.71
53.667,965.66,544.39,116.18,125.71
53.833,978.72,544.39,119.06,125.71
54,986.2,544.39,122,125.71
54.167,986.9,544.39,123.48,125.71
54.333,986.9,544.39,126.42,125.71
54.5,980.33,544.39,129.33,125.71
54.667,974.96,544.39,130.76,125.71
54.833,960.05,544.39,133.54,125.71
55,939.67,544.39,136.19,125.71
55.167,927.47,544.39,137.45,125.71
55.333,899.13,544.39,139.84,125.71
55.5,865.66,544.39,142.01,125.71
55.667,847.07,544.39,143,125.71
55.833,806.29,544.39,144.78,125.71
56,760.92,544.39,146.26,125.71
56.167,736.59,544.39,146.88,125.71
56.333,684.82,544.39,147.86,125.71
56.5,629.15,544.39,148.47,125.71
56.667,599.95,544.39,148.64,125.71
56.833,539.03,544.39,148.64,125.71
57,475.04,544.39,148.26,125.71
57.167,442,544.39,147.9,125.71
57.333,374.09,544.39,146.83,125.71
57.5,304.04,544.39,145.31,125.71
57.667,268.33,544.39,144.37,125.71
57.833,195.83,544.39,142.13,125.71
58,122.2,544.39,139.41,125.71
58.167,85.097,544.39,137.86,125.71
58.333,10.572,544.39,134.4,125.71
58.5,-64.024,544.39,130.45,125.71
58.667,-101.21,544.39,128.3,125.71
58.833,-175.12,544.39,123.62,125.71
59,-248.04,544.39,118.46,125.71
59.167,-284,544.39,115.7,125.71
59.333,-354.67,544.39,109.84,125.71
59.5,-423.33,544.39,103.53,125.71
59.667,-423.33,544.39,100.21,125.71
59.833,518.12,544.39,100.14,125.71
60,580.11,544.39,100.14,125.71
60.167,609.88,544.39,100.37,125.71
60.333,666.78,544.39,101.13,125.71
60.5,719.87,544.39,102.24,125.71
60.667,744.9,544.39,102.93,125.71
60.833,791.74,544.39,104.53,125.71
61,834.07,544.39,106.42,125.71
61.167,853.47,544.39,107.46,125.71
61.333,888.59,544.39,109.72,125.71
61.5,918.65,544.39,112.19,125.71
61.667,931.73,544.39,113.48,125.71
61.833,953.9,544.39,116.19,125.71
62,970.63,544.39,119.01,125.71
62.167,976.92,544.39,120.45,125.71
62.333,985.34,544.39,123.38,125.71
62.5,987.44,544.39,126.33,125.71
62.667,987.44,544.39,127.8,125.71
62.833,981.81,544.39,130.72,125.71
63,970.6,544.39,133.56,125.71
63.167,962.91,544.39,134.95,125.71
63.333,943.44,544.39,137.62,125.71
63.5,918.6,544.39,140.12,125.71
63.667,904.21,544.39,141.31,125.71
63.833,871.58,544.39,143.51,125.71
64,833.99,544.39,145.47,125.71
64.167,813.4,544.39,146.34,125.71
64.333,768.78,544.39,147.87,125.71
64.5,719.78,544.39,149.08,125.71
64.667,693.72,544.39,149.55,125.71
64.833,638.68,544.39,150.23,125.71
65,580.01,544.39,150.51,125.71
65.167,549.41,544.39,150.51,125.71
65.333,485.9,544.39,150.18,125.71
65.5,419.62,544.39,149.41,125.71
65.667,385.56,544.39,148.86,125.71
65.833,315.84,544.39,147.41,125.71
66,244.31,544.39,145.49,125.71
66.167,208,544.39,144.34,125.71
66.333,134.53,544.39,141.7,125.71
66.5,60.285,544.39,138.57,125.71
