-0.16667,0,166.42,29.14,10.736
0,-1.6583,166.42,29.14,10.736
0.16667,-38.97,166.42,28.435,10.736
0.33333,-113.38,166.42,26.654,10.736
0.5,-187.16,166.42,24.384,10.736
0.66667,-223.67,166.42,23.068,10.736
0.83333,-295.71,166.42,20.078,10.736
1,-366.08,166.42,16.621,10.736
1.1667,-400.51,166.42,14.722,10.736
1.3333,-467.62,166.42,10.593,10.736
1.5,-532.08,166.42,6.0367,10.736
1.6667,-532.08,166.42,3.6047,10.736
1.8333,-156.2,166.42,0.0015651,10.736
2,165.46,166.42,-0.0016579,10.736
2.1667,165.46,166.42,-0.0016579,10.736
2.3333,165.45,166.42,-0.0016578,10.736
2.5,165.44,166.42,-0.0016577,10.736
2.6667,165.43,166.42,-0.0016577,10.736
2.8333,165.42,166.42,-0.0016576,10.736
3,165.41,166.42,-0.0016575,10.736
3.1667,165.41,166.42,-0.0016574,10.736
3.3333,165.4,166.42,-0.0016573,10.736
3.5,165.39,166.42,-0.0016572,10.736
3.6667,165.39,166.42,-0.0016572,10.736
3.8333,165.38,166.42,-0.0016571,10.736
4,165.37,166.42,-0.001657,10.736
4.1667,165.36,166.42,-0.0016569,10.736
4.3333,165.35,166.42,-0.0016568,10.736
4.5,165.34,166.42,-0.0016567,10.736
4.6667,165.34,166.42,-0.0016567,10.736
4.8333,165.33,166.42,-0.0016566,10.736
5,165.32,166.42,-0.0016565,10.736
5.1667,165.31,166.42,-0.0016564,10.736
5.3333,165.3,166.42,-0.0016563,10.736
5.5,165.3,166.42,-0.0016562,10.736
5.6667,806.56,166.42,2.27,10.736
5.8333,806.56,166.42,6.6059,10.736
6,761.19,166.42,10.64,10.736
6.1667,736.86,166.42,12.535,10.736
6.3333,685.08,166.42,16.063,10.736
6.5,629.41,166.42,19.221,10.736
6.6667,600.21,166.42,20.653,10.736
6.8333,539.28,166.42,23.212,10.736
7,475.29,166.42,25.345,10.736
7.1667,442.25,166.42,26.246,10.736
7.3333,374.33,166.42,27.708,10.736
7.5,304.27,166.42,28.705,10.736
7.6667,268.56,166.42,29.025,10.736
7.8333,196.05,166.42,29.091,10.736
8,122.42,166.42,29.091,10.736
8.1667,85.315,166.42,28.8,10.736
8.3333,10.785,166.42,27.848,10.736
8.5,-63.815,166.42,26.4,10.736
8.6667,-101.01,166.42,25.49,10.736
8.8333,-174.92,166.42,23.305,10.736
9,-247.84,166.42,20.636,10.736
9.1667,-283.81,166.42,19.123,10.736
9.3333,-354.48,166.42,15.747,10.736
9.5,-423.15,166.42,11.916,10.736
9.6667,-456.6,166.42,9.8342,10.736
9.8333,-521.53,166.42,5.3513,10.736
10,-521.53,166.42,0.45825,10.736
10.167,27.761,166.42,-0.00027816,10.736
10.333,165.3,166.42,-0.0016563,10.736
10.5,165.3,166.42,-0.0016563,10.736
10.667,165.29,166.42,-0.0016563,10.736
10.833,165.29,166.42,-0.0016562,10.736
11,165.28,166.42,-0.0016561,10.736
11.167,165.27,166.42,-0.001656,10.736
11.333,165.26,166.42,-0.0016559,10.736
11.5,165.25,166.42,-0.0016558,10.736
11.667,165.25,166.42,-0.0016558,10.736
11.833,165.24,166.42,-0.0016557,10.736
12,165.23,166.42,-0.0016556,10.736
12.167,165.22,166.42,-0.0016555,10.736
12.333,165.21,166.42,-0.0016554,10.736
12.5,165.2,166.42,-0.0016553,10.736
12.667,165.2,166.42,-0.0016553,10.736
12.833,165.19,166.42,-0.0016552,10.736
13,165.18,166.42,-0.0016551,10.736
13.167,165.17,166.42,-0.001655,10.736
13.333,165.16,166.42,-0.0016549,10.736
13.5,165.15,166.42,-0.0016548,10.736
13.667,165.15,166.42,-0.0016548,10.736
13.833,165.15,166.42,-0.0016547,10.736
14,813.68,166.42,4.5183,10.736
14.167,813.68,166.42,6.6746,10.736
14.333,769.06,166.42,10.761,10.736
14.5,720.05,166.42,14.521,10.736
14.667,693.99,166.42,16.27,10.736
14.833,638.95,166.42,19.491,10.736
15,580.26,166.42,22.322,10.736
15.167,549.66,166.42,23.584,10.736
15.333,486.15,166.42,25.789,10.736
15.5,419.87,166.42,27.554,10.736
15.667,385.8,166.42,28.266,10.736
15.833,316.08,166.42,29.341,10.736
16,244.54,166.42,29.94,10.736
16.167,208.23,166.42,29.94,10.736
16.333,134.75,166.42,29.929,10.736
16.5,60.504,166.42,29.306,10.736
16.667,23.221,166.42,28.808,10.736
16.833,-51.397,166.42,27.443,10.736
17,-125.73,166.42,25.583,10.736
17.167,-162.66,166.42,24.47,10.736
17.333,-235.78,166.42,21.881,10.736
17.5,-307.56,166.42,18.815,10.736
17.667,-342.83,166.42,17.108,10.736
17.833,-411.86,166.42,13.351,10.736
18,-478.55,166.42,9.1523,10.736
18.167,-510.91,166.42,6.8929,10.736
18.333,-510.91,166.42,2.0664,10.736
18.5,163.32,166.42,-0.0016364,10.736
18.667,165.16,166.42,-0.0016549,10.736
18.833,165.16,166.42,-0.0016549,10.736
19,165.15,166.42,-0.0016548,10.736
19.167,165.14,166.42,-0.0016547,10.736
19.333,165.13,166.42,-0.0016546,10.736
19.5,165.12,166.42,-0.0016545,10.736
19.667,165.12,166.42,-0.0016545,10.736
19.833,165.11,166.42,-0.0016544,10.736
20,165.1,166.42,-0.0016543,10.736
20.167,165.09,166.42,-0.0016542,10.736
20.333,165.08,166.42,-0.0016541,10.736
20.5,165.07,166.42,-0.001654,10.736
20.667,165.07,166.42,-0.001654,10.736
20.833,165.06,166.42,-0.0016539,10.736
21,165.05,166.42,-0.0016538,10.736
21.167,165.04,166.42,-0.0016537,10.736
21.333,165.03,166.42,-0.0016536,10.736
21.5,165.02,166.42,-0.0016535,10.736
21.667,165.02,166.42,-0.0016535,10.736
21.833,165.01,166.42,-0.0016534,10.736
22,165,166.42,-0.0016533,10.736
22.167,165,166.42,-0.0016533,10.736
22.333,799.31,166.42,4.5619,10.736
22.5,799.31,166.42,8.8489,10.736
22.667,776.8,166.42,10.879,10.736
22.833,728.51,166.42,14.695,10.736
23,676.07,166.42,18.163,10.736
23.167,648.38,166.42,19.758,10.736
23.333,590.28,166.42,22.655,10.736
23.5,528.82,166.42,25.143,10.736
23.667,496.93,166.42,26.228,10.736
23.833,431.09,166.42,28.067,10.736
24,362.78,166.42,29.451,10.736
24.167,327.83,166.42,29.969,10.736
24.333,256.57,166.42,30.648,10.736
24.5,183.85,166.42,30.758,10.736
24.667,147.06,166.42,30.758,10.736
24.833,72.913,166.42,30.218,10.736
25,-1.6584,166.42,29.181,10.736
25.167,-38.97,166.42,28.478,10.736
25.333,-113.38,166.42,26.7,10.736
25.5,-187.16,166.42,24.433,10.736
25.667,-223.67,166.42,23.118,10.736
25.833,-295.71,166.42,20.131,10.736
26,-366.08,166.42,16.677,10.736
26.167,-400.51,166.42,14.779,10.736
26.333,-467.62,166.42,10.653,10.736
26.5,-532.08,166.42,6.0993,10.736
26.667,-532.08,166.42,3.6688,10.736
26.833,-176.21,166.42,0.0017656,10.736
27,165.02,166.42,-0.0016535,10.736
27.167,165.02,166.42,-0.0016535,10.736
27.333,165.01,166.42,-0.0016534,10.736
27.5,165,166.42,-0.0016533,10.736
27.667,165,166.42,-0.0016533,10.736
27.833,164.99,166.42,-0.0016532,10.736
28,164.98,166.42,-0.0016531,10.736
28.167,164.98,166.42,-0.0016531,10.736
28.333,164.97,166.42,-0.001653,10.736
28.5,164.96,166.42,-0.0016529,10.736
28.667,164.95,166.42,-0.0016528,10.736
28.833,164.94,166.42,-0.0016527,10.736
29,164.93,166.42,-0.0016526,10.736
29.167,164.93,166.42,-0.0016526,10.736
29.333,164.92,166.42,-0.0016525,10.736
29.5,164.91,166.42,-0.0016524,10.736
29.667,164.9,166.42,-0.0016523,10.736
29.833,164.89,166.42,-0.0016522,10.736
30,164.88,166.42,-0.0016521,10.736
30.167,164.88,166.42,-0.0016521,10.736
30.333,164.87,166.42,-0.001652,10.736
30.5,164.87,166.42,-0.0016519,10.736
30.667,806.56,166.42,2.2714,10.736
30.833,806.56,166.42,6.6102,10.736
31,761.19,166.42,10.647,10.736
31.167,736.86,166.42,12.543,10.736
31.333,685.08,166.42,16.074,10.736
31.5,629.41,166.42,19.235,10.736
31.667,600.21,166.42,20.669,10.736
31.833,539.28,166.42,23.231,10.736
32,475.29,166.42,25.367,10.736
32.167,442.25,166.42,26.269,10.736
32.333,374.33,166.42,27.734,10.736
32.5,304.27,166.42,28.734,10.736
32.667,268.56,166.42,29.055,10.736
32.833,196.05,166.42,29.127,10.736
33,122.42,166.42,29.127,10.736
33.167,85.315,166.42,28.838,10.736
33.333,10.785,166.42,27.888,10.736
33.5,-63.815,166.42,26.442,10.736
33.667,-101.01,166.42,25.535,10.736
33.833,-174.92,166.42,23.352,10.736
34,-247.84,166.42,20.686,10.736
34.167,-283.81,166.42,19.174,10.736
34.333,-354.48,166.42,15.801,10.736
34.5,-423.15,166.42,11.972,10.736
34.667,-456.6,166.42,9.8924,10.736
34.833,-521.53,166.42,5.4123,10.736
35,-521.53,166.42,0.52197,10.736
35.167,8.2701,166.42,-8.2866e-05,10.736
35.333,164.87,166.42,-0.001652,10.736
35.5,164.87,166.42,-0.001652,10.736
35.667,164.86,166.42,-0.0016519,10.736
35.833,164.85,166.42,-0.0016518,10.736
36,164.84,166.42,-0.0016517,10.736
36.167,164.84,166.42,-0.0016517,10.736
36.333,164.83,166.42,-0.0016516,10.736
36.5,164.82,166.42,-0.0016515,10.736
36.667,164.81,166.42,-0.0016514,10.736
36.833,164.8,166.42,-0.0016513,10.736
37,164.79,166.42,-0.0016512,10.736
37.167,164.79,166.42,-0.0016512,10.736
37.333,164.78,166.42,-0.0016511,10.736
37.5,164.77,166.42,-0.001651,10.736
37.667,164.77,166.42,-0.001651,10.736
37.833,164.76,166.42,-0.0016509,10.736
38,164.75,166.42,-0.0016508,10.736
38.167,164.74,166.42,-0.0016507,10.736
38.333,164.73,166.42,-0.0016506,10.736
38.5,164.72,166.42,-0.0016505,10.736
38.667,164.72,166.42,-0.0016505,10.736
38.833,164.72,166.42,-0.0016504,10.736
39,813.68,166.42,4.5212,10.736
39.167,813.68,166.42,6.6789,10.736
39.333,769.06,166.42,10.768,10.736
39.5,720.05,166.42,14.531,10.736
39.667,693.99,166.42,16.282,10.736
39.833,638.95,166.42,19.506,10.736
40,580.26,166.42,22.339,10.736
40.167,549.66,166.42,23.603,10.736
40.333,486.15,166.42,25.811,10.736
40.5,419.87,166.42,27.578,10.736
40.667,385.8,166.42,28.292,10.736
40.833,316.08,166.42,29.369,10.736
41,244.54,166.42,29.971,10.736
41.167,208.23,166.42,29.971,10.736
41.333,134.75,166.42,29.964,10.736
41.5,60.504,166.42,29.344,10.736
41.667,23.221,166.42,28.848,10.736
41.833,-51.397,166.42,27.485,10.736
42,-125.73,166.42,25.629,10.736
42.167,-162.66,166.42,24.517,10.736
42.333,-235.78,166.42,21.93,10.736
42.5,-307.56,166.42,18.868,10.736
42.667,-342.83,166.42,17.161,10.736
42.833,-411.86,166.42,13.407,10.736
43,-478.55,166.42,9.2116,10.736
43.167,-510.91,166.42,6.9536,10.736
43.333,-510.91,166.42,2.1298,10.736
43.5,162.83,166.42,-0.0016316,10.736
43.667,164.73,166.42,-0.0016506,10.736
43.833,164.73,166.42,-0.0016506,10.736
44,164.72,166.42,-0.0016505,10.736
44.167,164.71,166.42,-0.0016504,10.736
44.333,164.7,166.42,-0.0016503,10.736
44.5,164.69,166.42,-0.0016502,10.736
44.667,164.69,166.42,-0.0016502,10.736
44.833,164.68,166.42,-0.0016501,10.736
45,164.67,166.42,-0.00165,10.736
45.167,164.66,166.42,-0.0016499,10.736
45.333,164.65,166.42,-0.0016498,10.736
45.5,164.64,166.42,-0.0016497,10.736
45.667,164.64,166.42,-0.0016497,10.736
45.833,164.63,166.42,-0.0016496,10.736
46,164.62,166.42,-0.0016495,10.736
46.167,164.61,166.42,-0.0016494,10.736
46.333,164.61,166.42,-0.0016493,10.736
46.5,164.6,166.42,-0.0016492,10.736
46.667,164.59,166.42,-0.0016492,10.736
46.833,164.58,166.42,-0.0016491,10.736
47,164.57,166.42,-0.001649,10.736
47.167,164.57,166.42,-0.001649,10.736
47.333,799.31,166.42,2.2509,10.736
47.5,799.31,166.42,6.5447,10.736
47.667,776.81,166.42,8.5784,10.736
47.833,728.51,166.42,12.401,10.736
48,676.07,166.42,15.876,10.736
48.167,648.38,166.42,17.474,10.736
48.333,590.29,166.42,20.378,10.736
48.5,528.82,166.42,22.873,10.736
48.667,496.94,166.42,23.961,10.736
48.833,431.09,166.42,25.806,10.736
49,362.79,166.42,27.198,10.736
49.167,327.84,166.42,27.719,10.736
49.333,256.58,166.42,28.405,10.736
49.5,183.85,166.42,28.525,10.736
49.667,147.07,166.42,28.525,10.736
49.833,72.918,166.42,27.991,10.736
50,-1.6539,166.42,26.961,10.736
50.167,-38.966,166.42,26.261,10.736
50.333,-113.38,166.42,24.49,10.736
50.5,-187.15,166.42,22.23,10.736
50.667,-223.67,166.42,20.918,10.736
50.833,-295.71,166.42,17.937,10.736
51,-366.07,166.42,14.49,10.736
51.167,-400.5,166.42,12.596,10.736
51.333,-467.61,166.42,8.4763,10.736
51.5,-532.08,166.42,3.9295,10.736
51.667,-532.08,166.42,1.5023,10.736
51.833,163.23,166.42,-0.0016356,10.736
52,164.57,166.42,-0.001649,10.736
52.167,164.57,166.42,-0.001649,10.736
52.333,164.56,166.42,-0.0016489,10.736
52.5,164.55,166.42,-0.0016488,10.736
52.667,164.54,166.42,-0.0016487,10.736
52.833,164.53,166.42,-0.0016486,10.736
53,164.52,166.42,-0.0016485,10.736
53.167,164.52,166.42,-0.0016485,10.736
53.333,164.51,166.42,-0.0016484,10.736
53.5,164.5,166.42,-0.0016483,10.736
53.667,164.49,166.42,-0.0016482,10.736
53.833,164.48,166.42,-0.0016481,10.736
54,164.47,166.42,-0.001648,10.736
54.167,164.47,166.42,-0.001648,10.736
54.333,164.46,166.42,-0.0016479,10.736
54.5,164.45,166.42,-0.0016478,10.736
54.667,164.45,166.42,-0.0016477,10.736
54.833,164.44,166.42,-0.0016476,10.736
55,164.43,166.42,-0.0016475,10.736
55.167,164.42,166.42,-0.0016475,10.736
55.333,164.41,166.42,-0.0016474,10.736
55.5,164.41,166.42,-0.0016473,10.736
55.667,806.56,166.42,2.273,10.736
55.833,806.56,166.42,6.6148,10.736
56,761.19,166.42,10.655,10.736
56.167,736.86,166.42,12.553,10.736
56.333,685.08,166.42,16.087,10.736
56.5,629.41,166.42,19.25,10.736
56.667,600.21,166.42,20.686,10.736
56.833,539.28,166.42,23.25,10.736
57,475.29,166.42,25.389,10.736
57.167,442.25,166.42,26.293,10.736
57.333,374.33,166.42,27.761,10.736
57.5,304.27,166.42,28.764,10.736
57.667,268.56,166.42,29.087,10.736
57.833,196.05,166.42,29.164,10.736
58,122.42,166.42,29.164,10.736
58.167,85.315,166.42,28.877,10.736
58.333,10.785,166.42,27.93,10.736
58.5,-63.816,166.42,26.487,10.736
58.667,-101.01,166.42,25.581,10.736
58.833,-174.92,166.42,23.402,10.736
59,-247.84,166.42,20.738,10.736
59.167,-283.81,166.42,19.228,10.736
59.333,-354.48,166.42,15.858,10.736
59.5,-423.15,166.42,12.032,10.736
59.667,-456.6,166.42,9.9537,10.736
59.833,-521.53,166.42,5.4765,10.736
60,-521.53,166.42,0.58912,10.736
60.167,-12.267,166.42,0.00012292,10.736
60.333,164.41,166.42,-0.0016474,10.736
60.5,164.41,166.42,-0.0016474,10.736
60.667,164.41,166.42,-0.0016474,10.736
60.833,164.4,166.42,-0.0016473,10.736
61,164.39,166.42,-0.0016472,10.736
61.167,164.38,166.42,-0.0016471,10.736
61.333,164.37,166.42,-0.001647,10.736
61.5,164.36,166.42,-0.0016469,10.736
61.667,164.36,166.42,-0.0016469,10.736
61.833,164.35,166.42,-0.0016468,10.736
62,164.34,166.42,-0.0016467,10.736
62.167,164.33,166.42,-0.0016466,10.736
62.333,164.33,166.42,-0.0016465,10.736
62.5,164.32,166.42,-0.0016464,10.736
62.667,164.31,166.42,-0.0016464,10.736
62.833,164.3,166.42,-0.0016463,10.736
63,164.29,166.42,-0.0016462,10.736
63.167,164.29,166.42,-0.0016461,10.736
63.333,164.28,166.42,-0.0016461,10.736
63.5,164.27,166.42,-0.001646,10.736
63.667,164.26,166.42,-0.0016459,10.736
63.833,164.26,166.42,-0.0016458,10.736
64,813.68,166.42,4.5242,10.736
64.167,813.68,166.42,6.6834,10.736
64.333,769.06,166.42,10.776,10.736
64.5,720.05,166.42,14.542,10.736
64.667,693.99,166.42,16.294,10.736
64.833,638.95,166.42,19.521,10.736
65,580.26,166.42,22.357,10.736
65.167,549.66,166.42,23.622,10.736
65.333,486.15,166.42,25.833,10.736
65.5,419.87,166.42,27.604,10.736
65.667,385.8,166.42,28.319,10.736
65.833,316.08,166.42,29.399,10.736
66,244.54,166.42,30.004,10.736
66.167,208.23,166.42,30.004,10.736
66.333,134.75,166.42,30.002,10.736
66.5,60.504,166.42,29.384,10.736
